1309 1011 1
1259 1011 1
1568 1011 1
1147 1011 10
1393 1011 1
1039 1011 13
1042 1005 9
1045 1018 1
1256 1074 1
1668 1074 1
1163 1074 10
1007 1074 15
1832 1074 1
1488 1074 6
1801 1074 1
1944 1074 1
1659 1048 1
1210 1048 4
1205 1057 4
1220 1032 1
1837 1061 1
1017 1075 1
1023 1075 7
2085 1075 1
1503 1075 1
2088 1075 1
1350 1075 1
1327 1075 7
1666 1075 1
1056 1075 7
1748 1075 1
1658 1075 1
1327 1003 3
2085 1003 1
1228 1003 1
1748 1003 1
1309 1003 7
1074 1003 3
1138 1003 1
1089 1003 3
1002 1003 3
1623 1003 1
1076 1003 7
1264 1003 1
1875 1003 1
1004 1003 4
1595 1003 1
1039 1004 8
1944 1004 1
1259 1004 1
1090 1004 1
1138 1004 23
1051 1004 1
1101 1004 20
1488 1004 7
1079 1004 16
1104 1004 3
1839 1004 1
1747 1004 1
1135 1004 1
1656 1004 1
1500 1004 1
1148 1004 1
1309 1004 15
1668 1004 1
1136 1004 13
1172 1004 27
1132 1004 1
1809 1004 1
1774 1004 1
1037 1004 86
1930 1004 1
2184 1004 1
1243 1004 44
1293 1004 1
1990 1004 1
1690 1004 1
1449 1004 6
1310 1004 9
1679 1004 1
1159 1004 1
1335 1004 1
1228 1004 1
1034 1004 27
1862 1004 1
1049 1004 22
1105 1004 92
1766 1013 1
1541 1013 1
1961 1013 1
1575 1013 1
1104 1013 1
1189 1013 1
1723 1013 1
1962 1013 1
1480 1013 4
2146 1013 1
1405 1013 1
1016 1013 3
1729 1013 1
2166 1013 1
2073 1013 1
1051 1015 1
1344 1015 1
1917 1015 1
1535 1077 1
1132 1077 1
1080 1077 1
1023 1098 7
1701 1098 1
1009 1098 1
1191 1098 1
1142 1098 1
1081 1098 1
1146 1098 1
1199 1098 10
1405 1098 4
1754 1098 1
1309 1098 7
1545 1098 1
1134 1098 1
1517 1098 1
1202 1098 1
1389 1098 1
1014 1098 4
1068 1098 7
1138 1098 10
1633 1098 1
1220 1098 4
1172 1098 6
1016 1098 9
1108 1098 3
1140 1098 1
1120 1098 4
1528 1098 1
1678 1098 1
1447 1098 1
1105 1098 11
1035 1098 1
1326 1098 3
1181 1098 8
1246 1098 8
1406 1098 1
1099 1098 4
1243 1104 6
1168 1104 1
1747 1046 1
1019 1058 1
1134 1058 1
1040 1060 1
1078 1060 1
1172 1060 1
1545 1060 1
1310 1060 1
1309 1060 1
1023 1060 1
1581 1060 1
1264 1060 1
1081 1060 1
1002 1060 1
1356 1060 1
1353 1060 1
1142 1060 1
1287 1060 1
1128 1060 1
1149 1060 1
1098 1060 4
1079 1060 1
1147 1060 1
1326 1060 7
1209 1060 1
1813 1060 1
1529 1060 1
1056 1060 1
2031 1060 1
1236 1060 1
1617 1060 1
1215 1060 1
1470 1065 1
1126 1065 1
1484 1065 1
1835 1065 1
1696 1065 1
1553 1065 1
1582 1065 1
2034 1065 1
1390 1065 4
1598 1065 1
1645 1065 1
1261 1065 1
1939 1065 1
1344 1065 1
1597 1065 1
1591 1065 1
1302 1065 1
1339 1065 1
1780 1065 1
1031 1065 1
1658 1065 1
1145 1065 1
1891 1065 1
1959 1065 1
1535 1065 1
2071 1065 1
1475 1065 1
1469 1065 1
1769 1065 1
1051 1073 1
1310 1073 1
1471 1073 11
1389 1073 1
1562 1073 1
1259 1073 1
1309 1079 16
1245 1079 3
1335 1079 1
1162 1079 1
1259 1079 1
1256 1079 1
1223 1079 1
1054 1079 8
1668 1079 1
1090 1079 1
1037 1079 32
1134 1079 1
1837 1079 1
1832 1079 1
1224 1079 15
1144 1079 7
1159 1079 1
1488 1079 10
1449 1079 35
2190 1079 1
1473 1079 14
1757 1079 1
1780 1079 1
1283 1079 15
1391 1079 1
1007 1079 41
1172 1079 65
1074 1079 8
1011 1079 28
1859 1079 1
1228 1079 1
1163 1079 10
1084 1079 9
1103 1079 6
1524 1079 1
1140 1080 6
1051 1080 1
1764 1080 1
1179 1080 6
1084 1080 4
1132 1080 1
1397 1080 1
1011 1080 4
2072 1080 1
1679 1080 1
1073 1080 1
1344 1080 1
2000 1080 1
1015 1080 1
2142 1080 1
1780 1080 1
1145 1080 1
1914 1080 1
2109 1080 1
1126 1080 1
1818 1080 1
1917 1080 1
1151 1096 1
1624 1105 1
1283 1105 136
1774 1105 1
1099 1105 44
1017 1105 1
1528 1105 1
1535 1105 1
1246 1105 149
1072 1105 3
1016 1105 142
1051 1105 1
1272 1105 33
1753 1105 1
1611 1105 1
1780 1105 1
1582 1105 1
1224 1105 7
2151 1105 1
1309 1105 23
1181 1105 112
1135 1105 1
1291 1105 11
2184 1105 1
1201 1105 117
1020 1105 90
1264 1105 1
1290 1105 1
1084 1105 109
1658 1105 1
1140 1105 3
1422 1105 1
1775 1105 1
1612 1105 1
1562 1105 1
1149 1105 9
1289 1105 7
1328 1076 32
1075 1076 30
1061 1076 1
1327 1076 8
1149 1076 4
1350 1076 1
1774 1076 1
1099 1076 26
1090 1076 1
1081 1076 1
1545 1076 1
1074 1076 36
1326 1076 9
1754 1076 1
1073 1076 1
1906 1076 1
1503 1076 1
1056 1076 6
1519 1076 1
1209 1076 1
1016 1076 20
1228 1076 1
1604 1076 1
1501 1076 1
1138 1076 18
1446 1076 1
1116 1076 3
1535 1076 1
1666 1076 1
1224 1076 1
1184 1076 9
1049 1076 66
1037 1076 103
1217 1002 1
1050 1002 4
1837 1002 1
1222 1002 1
1223 1002 1
1090 1002 1
1135 1002 1
1956 1002 1
2190 1002 1
1308 1002 1
1393 1002 1
1185 1002 1
1135 1006 1
1039 1006 1
1016 1006 1
1037 1006 1
1914 1006 1
1166 1006 1
1356 1006 1
1246 1006 1
1855 1006 1
2017 1006 1
1172 1006 1
1142 1006 1
1066 1022 1
1875 1022 1
1330 1024 1
1051 1024 1
1090 1089 1
1857 1089 1
1335 1089 1
1668 1089 1
1623 1089 1
1256 1089 1
1862 1089 1
1181 1089 45
1224 1089 8
1488 1089 7
1037 1089 20
1100 1089 7
1698 1089 1
1134 1089 1
2000 1089 1
1135 1089 1
1753 1089 1
1658 1089 1
1007 1089 18
1163 1089 10
1002 1008 1
1023 1008 1
1068 1008 1
1503 1008 1
1660 1008 1
1747 1008 1
1136 1008 1
1793 1008 1
1075 1008 1
1396 1014 1
1016 1014 1
1011 1014 1
1079 1014 4
1927 1014 1
1612 1014 1
1064 1014 6
1023 1014 1
1037 1014 4
1379 1014 6
1149 1014 1
1309 1014 1
1177 1014 1
1134 1017 1
1011 1023 8
1072 1023 5
1723 1023 1
1962 1023 1
1729 1023 1
1079 1023 32
1172 1023 48
1037 1023 95
1832 1023 1
1470 1023 1
1259 1023 1
1224 1023 49
2190 1023 1
1310 1023 48
1002 1023 3
1283 1023 24
1623 1023 1
1147 1023 38
1061 1023 1
1774 1023 1
1020 1023 53
1308 1023 4
1382 1023 3
1666 1023 1
1110 1023 7
1039 1023 29
1136 1023 22
1138 1020 16
1283 1020 15
1562 1020 1
1073 1020 1
1645 1020 1
1072 1020 1
2108 1020 1
1774 1020 1
2184 1020 1
1646 1020 1
1611 1020 1
1350 1020 1
1016 1020 16
1147 1020 10
1612 1020 1
1623 1020 1
1658 1020 1
1377 1020 13
1291 1020 3
1084 1020 8
2158 1020 1
2107 1020 1
1135 1020 1
1194 1020 22
1149 1020 6
1063 1020 1
1224 1020 3
1533 1020 1
1140 1020 3
2152 1020 1
1753 1020 1
1185 1020 1
1306 1020 1
1528 1020 1
1535 1020 1
1136 1020 12
1780 1020 1
1134 1020 1
1181 1020 15
1917 1020 1
1930 1020 1
1309 1020 10
1505 1020 1
1397 1020 1
1081 1020 1
1944 1020 1
1004 1020 16
2000 1020 1
1356 1020 7
1259 1030 1
1108 1030 1
1220 1030 1
1396 1030 1
1009 1053 1
1098 1053 1
1701 1088 1
1511 1088 1
1392 1088 1
1108 1088 1
1310 1088 1
1545 1088 1
1111 1088 1
1747 1088 1
1090 1088 1
1824 1088 1
1278 1088 1
1382 1088 1
1802 1088 1
1338 1088 1
1581 1088 1
1136 1088 1
2166 1088 1
1422 1088 1
1051 1088 1
1557 1088 1
1658 1088 1
2071 1088 1
1377 1088 1
1075 1088 1
1189 1088 1
1608 1088 1
1016 1088 1
1517 1088 1
1801 1088 1
1072 1088 1
1523 1088 1
1720 1088 1
1443 1088 1
2097 1088 1
1184 1088 1
2184 1088 1
1356 1088 1
2000 1088 1
1505 1088 1
1906 1088 1
1660 1088 1
1930 1088 1
2012 1088 1
1126 1088 1
1199 1088 1
1286 1088 1
1081 1088 1
1113 1088 1
1076 1088 1
1640 1088 1
1950 1088 1
1755 1088 1
1766 1088 1
1606 1088 1
1039 1088 1
1309 1016 18
1051 1016 1
1039 1016 18
1023 1016 10
1044 1016 1
1056 1016 10
1356 1016 50
1754 1016 1
1079 1016 20
1172 1016 18
1201 1016 140
1149 1016 6
1147 1016 16
1011 1016 15
1780 1016 1
1185 1016 1
1562 1016 1
1310 1016 3
1646 1016 1
2039 1016 1
1083 1016 6
1612 1016 1
1246 1016 157
1350 1016 1
1103 1016 28
1075 1016 59
1658 1016 1
1181 1016 94
2124 1016 1
1326 1016 33
1177 1076 1
1211 1076 1
1112 1076 10
1134 1076 1
2108 1076 1
1511 1076 1
1743 1076 1
1397 1076 1
1310 1076 4
1594 1076 1
1510 1076 6
1146 1076 1
1004 1076 22
1035 1076 4
1049 1089 3
1553 1089 1
1995 1112 1
1774 1112 1
1472 1112 1
1511 1112 1
2108 1112 1
1026 1112 1
1078 1112 1
1446 1112 1
1608 1112 1
1211 1112 1
1081 1112 1
1739 1112 1
1461 1112 1
1264 1112 9
1350 1112 1
2028 1112 1
1623 1112 1
1079 1112 1
1356 1112 1
1612 1112 1
1049 1112 3
1147 1112 1
1002 1112 1
1282 1112 22
1789 1112 1
1034 1112 9
1666 1112 1
1138 1112 1
1557 1112 1
1037 1112 3
2100 1112 1
1396 1112 1
1858 1112 1
1387 1112 1
1310 1112 1
1083 1112 1
1722 1112 1
1660 1112 1
2054 1112 1
1215 1112 1
1023 1112 4
2076 1112 1
1326 1014 1
1133 1025 1
1126 1025 1
1016 1049 98
1562 1049 1
1185 1049 1
1184 1049 18
1358 1049 41
1134 1049 1
1105 1049 183
1072 1049 3
2017 1049 1
1406 1049 8
1452 1049 1
1433 1049 61
1528 1049 1
1246 1049 129
1775 1049 1
1774 1049 1
1780 1049 1
1793 1049 1
1259 1049 1
1537 1049 1
1166 1049 23
1570 1049 9
1611 1049 1
1142 1049 1
1240 1049 1
1306 1049 1
2142 1049 1
1676 1049 11
1658 1049 1
1202 1049 1
2152 1049 1
1020 1049 81
1159 1023 1
1519 1023 1
1391 1023 1
2066 1023 1
1089 1023 18
1108 1028 1
1211 1028 1
1220 1028 1
1443 1028 1
1075 1028 1
1660 1028 1
1388 1028 1
1189 1028 1
1323 1028 1
1351 1028 1
1017 1028 1
1177 1028 1
1262 1038 1
1106 1038 1
1534 1038 8
1608 1038 1
1557 1038 1
1559 1038 1
1224 1039 42
1034 1039 72
1007 1039 16
2146 1039 1
1074 1039 10
1090 1039 1
1447 1088 1
1335 1088 1
1633 1088 1
1247 1088 1
1570 1088 1
1604 1088 1
1282 1088 1
2126 1088 1
1220 1088 1
2111 1088 1
1160 1088 1
2028 1088 1
2084 1088 1
1079 1088 4
1676 1088 1
1183 1088 1
1789 1088 1
1524 1088 1
1336 1088 1
1809 1088 1
2137 1088 1
1828 1088 1
1724 1088 1
2088 1088 1
1274 1088 1
1786 1088 1
1276 1088 1
1340 1016 17
1009 1016 1
1447 1016 1
1199 1016 69
2076 1016 1
1264 1016 1
1136 1016 13
1134 1016 1
1228 1016 1
2073 1016 1
1611 1016 1
1511 1016 1
1774 1016 1
1137 1076 9
1309 1076 15
1366 1076 1
1072 1076 3
1072 1112 1
1780 1112 1
1152 1112 1
1135 1112 1
1040 1112 1
1088 1144 11
1276 1144 1
1193 1144 8
1246 1144 7
1755 1144 1
1344 1159 1
1599 1159 1
1134 1159 1
1553 1159 1
1275 1159 1
1145 1159 1
1658 1159 1
1780 1159 1
1269 1159 1
1126 1159 1
1322 1159 1
1696 1159 1
1597 1159 1
1133 1159 20
1835 1159 1
1140 1159 1
1891 1159 1
1484 1159 1
1914 1159 1
1645 1159 1
1757 1159 1
1390 1159 9
1855 1159 1
1132 1159 1
1470 1159 1
1469 1159 1
1944 1159 1
1511 1049 1
2053 1049 1
1397 1049 1
1612 1049 1
1690 1049 1
1140 1049 3
1747 1049 1
1535 1049 1
1283 1049 116
1149 1056 34
1335 1056 1
1037 1056 20
1090 1056 1
1163 1056 4
1977 1056 1
1449 1056 17
1224 1056 1
1050 1056 7
1488 1056 9
1668 1056 1
1956 1056 1
1132 1056 1
1126 1056 4
1134 1056 1
1656 1056 1
1612 1056 1
1344 1039 1
1050 1039 10
1159 1039 1
2076 1039 1
1356 1039 50
1104 1039 9
1037 1039 28
2166 1039 1
2081 1039 1
1259 1039 1
1228 1039 1
1951 1039 1
1089 1039 32
1146 1039 1
1246 1088 1
1656 1088 1
1145 1088 1
1120 1088 1
1505 1016 1
1184 1016 9
2184 1016 1
1452 1016 1
1152 1076 1
1524 1076 1
1471 1076 3
1439 1076 1
1049 1159 3
1582 1159 1
2075 1159 1
1790 1159 1
1195 1167 1
1433 1197 1
1068 1197 1
1701 1197 1
1050 1197 12
1038 1197 6
1660 1197 1
1638 1197 1
1579 1242 1
1397 1242 1
2184 1242 1
1228 1242 1
1612 1242 1
1389 1242 1
1356 1242 1
1327 1242 1
1189 1242 1
1310 1242 1
1010 1242 1
1014 1243 1
1612 1243 1
1264 1243 9
1105 1243 77
1581 1243 1
1228 1243 1
1283 1243 68
1037 1243 26
1658 1243 1
1134 1243 1
1356 1243 3
1040 1243 3
1780 1243 1
1185 1243 1
1774 1243 1
1007 1243 15
1259 1243 1
1309 1243 3
1326 1243 1
1906 1243 1
1344 1243 1
1307 1243 1
1149 1243 6
1389 1243 1
1124 1243 1
1138 1243 19
2188 1243 1
1855 1243 1
2107 1243 1
1099 1243 9
1562 1243 1
2152 1243 1
1660 1243 1
1023 1243 11
1646 1243 1
1310 1243 50
1135 1243 1
1079 1243 3
1246 1243 4
1084 1243 12
1147 1243 15
1505 1243 1
1645 1243 1
1049 1243 19
1186 1243 1
1528 1243 1
1666 1243 1
1951 1056 1
1528 1056 1
1245 1056 3
1204 1059 1
1037 1059 1
1545 1059 1
1798 1059 1
2028 1059 1
1268 1059 1
1356 1059 1
1002 1068 3
1147 1068 4
1389 1068 1
1023 1068 5
2108 1068 1
1089 1068 3
1037 1068 23
1722 1068 1
1081 1068 1
1228 1068 1
1138 1068 9
1623 1068 1
1264 1068 1
1209 1068 1
1310 1068 3
2107 1068 1
1099 1068 11
1774 1068 1
1224 1068 4
1668 1068 1
1039 1068 4
1061 1068 1
1074 1068 3
1152 1068 1
1366 1068 1
1469 1039 1
1080 1039 4
1054 1039 19
1044 1039 1
1780 1039 1
1914 1088 1
1193 1088 3
1638 1088 1
1224 1016 3
1139 1021 14
1197 1021 9
1282 1021 6
1559 1021 1
1151 1021 1
1106 1021 1
1096 1021 6
1201 1021 23
1038 1021 3
1651 1021 24
1017 1021 1
1007 1001 13
1769 1001 8
1099 1001 1
1105 1001 9
1134 1001 1
1135 1001 1
1138 1001 1
1432 1001 1
1116 1001 1
1774 1001 1
1780 1001 1
1126 1001 1
1049 1001 12
1147 1001 1
1084 1001 7
1289 1001 1
1539 1001 1
1690 1001 1
1140 1001 1
1917 1001 1
1035 1001 1
1021 1001 1
1612 1001 1
1072 1001 1
1528 1001 1
1672 1001 1
1914 1001 1
1350 1001 1
1397 1001 1
1096 1007 1
1082 1007 1
1151 1007 1
1106 1007 1
1289 1007 4
1350 1007 1
1016 1007 143
1133 1007 7
1278 1007 12
1511 1007 1
1050 1007 96
1038 1007 26
1611 1007 1
1534 1007 28
1887 1007 5
1651 1007 38
1658 1007 1
1197 1007 8
1282 1007 22
1562 1007 1
1789 1007 1
1646 1007 1
1267 1007 3
1019 1007 1
1200 1007 3
1774 1007 1
1139 1007 31
1419 1007 40
1017 1007 1
1202 1007 1
1071 1007 11
1559 1007 1
1084 1007 92
1528 1007 1
1201 1007 134
1557 1007 1
2184 1007 1
1164 1007 1
1049 1007 136
1612 1007 1
1551 1007 1
1505 1007 1
1076 1007 59
1105 1007 197
1211 1007 1
1135 1007 1
1232 1007 1
1660 1007 1
1098 1007 36
1181 1007 110
1184 1007 13
1647 1007 1
1149 1007 16
1035 1007 3
1037 1007 191
1309 1007 28
1786 1007 1
1397 1007 1
1126 1007 1
1240 1007 1
1134 1007 1
1138 1007 49
1412 1007 67
1708 1007 1
1011 1007 36
1172 1007 53
1140 1007 3
1246 1007 155
1020 1007 87
1568 1010 1
1079 1010 3
1629 1010 1
1089 1010 1
1140 1010 1
1545 1010 1
1138 1010 3
1754 1010 1
1668 1010 1
1034 1010 10
1246 1010 4
1078 1010 1
1224 1010 3
2107 1010 1
1581 1010 1
2177 1010 1
1081 1010 1
1562 1010 1
1524 1010 1
1159 1010 1
1780 1033 1
1179 1033 1
1133 1033 1
1696 1033 1
1105 1033 1
1344 1033 1
1611 1033 1
1135 1033 1
1134 1033 1
1835 1033 1
1140 1033 1
1037 1033 4
1553 1033 1
1562 1033 1
1891 1033 1
1790 1033 1
1656 1033 1
1917 1033 1
1914 1033 1
1126 1033 1
1470 1033 1
1757 1033 1
1679 1033 1
1582 1033 1
1390 1033 1
1185 1033 1
1484 1033 1
1007 1033 1
1535 1033 1
1049 1033 1
1769 1033 1
1084 1033 1
1016 1033 4
1772 1033 1
1269 1033 1
1145 1033 1
1031 1033 1
1757 1052 1
1780 1052 1
1090 1052 1
1114 1052 1
1017 1052 1
1582 1052 1
1133 1052 1
1696 1067 1
1065 1067 3
1344 1067 1
1133 1067 4
1599 1067 1
1780 1067 1
1154 1067 1
1470 1067 1
1969 1093 1
1553 1093 1
1283 1093 7
1914 1093 1
1179 1093 1
2008 1093 1
1780 1093 1
1134 1093 1
1528 1093 1
1199 1093 7
1344 1093 1
1035 1093 1
1072 1093 1
1917 1093 1
1612 1093 1
1452 1093 1
1774 1093 1
1679 1093 1
1026 1093 4
1138 1093 10
1140 1093 1
1126 1093 1
1075 1093 7
1080 1093 4
1535 1093 1
1562 1093 1
1145 1093 1
1390 1093 1
1470 1093 1
1079 1108 9
1149 1108 41
1310 1108 4
1259 1108 1
1083 1108 1
1245 1108 31
1099 1108 4
1211 1108 1
1328 1108 10
1090 1108 1
1081 1108 1
1228 1108 1
1309 1108 4
1074 1108 9
1545 1108 1
1214 1108 12
1224 1108 1
1039 1108 10
1023 1108 4
1392 1108 1
1089 1108 6
1002 1108 1
1366 1108 1
1056 1108 17
1748 1108 1
1327 1108 6
1845 1108 7
1608 1108 1
1264 1108 1
1668 1108 1
1422 1108 1
2085 1108 1
1165 1057 1
1224 1100 3
1143 1100 7
1034 1100 12
1283 1100 3
1023 1100 7
1875 1100 1
1093 1100 4
1658 1114 1
1475 1114 1
1067 1114 11
1155 1114 6
1172 1114 1
1065 1114 11
1344 1114 1
1244 1114 1
1749 1114 1
1633 1114 1
1066 1114 1
1849 1114 1
1037 1114 1
2061 1114 1
1535 1114 1
1154 1114 1
1580 1114 1
1594 1118 1
1962 1118 1
1729 1118 1
1079 1120 1
1246 1120 1
1832 1011 1
1099 1011 13
1037 1011 8
1391 1011 1
1668 1011 1
1754 1011 1
1914 1011 1
1276 1011 10
1759 1011 1
1347 1011 1
2190 1011 1
1084 1011 6
2189 1011 1
1388 1011 1
1308 1011 1
1037 1120 4
1447 1120 1
1177 1120 1
1026 1120 1
1406 1120 1
1562 1120 1
1049 1120 1
1555 1140 1
1051 1140 1
1132 1140 1
1500 1140 1
1134 1140 1
1757 1140 1
1672 1140 1
1339 1140 1
1342 1140 9
1390 1140 28
1946 1140 1
1505 1011 1
1105 1026 18
1037 1026 13
1138 1026 1
1147 1026 1
1049 1026 12
1623 1026 1
1774 1026 1
1179 1026 1
1891 1140 1
1660 1175 1
1108 1175 1
1789 1175 1
1309 1175 1
1720 1175 1
1545 1175 1
2137 1175 1
1247 1175 1
1353 1175 1
1278 1175 1
1557 1175 1
1239 1175 1
1387 1175 1
1276 1175 1
1145 1175 1
1286 1175 1
1002 1175 1
1356 1175 1
1147 1175 1
1111 1187 1
1183 1187 1
1049 1187 1
1358 1187 1
1110 1187 1
1543 1187 1
1157 1187 1
2088 1187 1
1573 1187 1
1115 1187 1
1942 1187 1
1420 1187 1
1660 1187 1
1544 1187 1
1070 1187 1
1451 1227 1
1389 1230 1
1016 1230 1
1309 1230 1
1145 1230 1
2076 1230 1
2108 1230 1
1246 1230 1
1138 1230 1
1340 1230 1
1314 1230 1
1311 1230 1
2184 1230 1
1007 1230 1
1037 1230 1
1553 1230 1
1135 1230 1
1310 1236 1
1545 1236 1
1079 1236 1
1309 1236 1
1581 1236 1
1422 1236 1
1813 1236 1
1517 1236 1
1290 1245 1
1450 1245 1
1037 1245 7
1553 1245 1
1201 1245 1
1135 1026 1
1134 1026 1
1072 1026 1
1855 1026 1
1433 1026 28
1051 1035 1
1073 1035 32
1009 1035 1
1389 1035 1
1891 1035 1
1471 1035 29
1598 1035 1
1126 1035 43
1103 1035 16
1780 1035 1
1339 1035 3
1562 1035 1
1140 1035 3
1676 1035 10
1086 1042 31
1195 1042 1
1165 1042 1
1205 1042 37
1039 1075 7
1612 1075 1
1272 1075 7
1149 1075 5
1824 1075 1
1562 1075 1
1138 1075 7
1580 1075 9
1105 1075 27
1035 1075 1
1382 1245 20
1658 1245 1
1668 1245 1
1604 1074 1
1090 1074 1
1728 1074 1
1078 1074 1
1780 1074 1
1138 1074 46
2177 1074 1
1023 1074 9
1686 1074 1
1199 1129 1
1406 1129 1
1134 1129 1
1033 1129 1
1562 1129 1
1749 1129 1
1396 1129 1
1105 1129 1
1049 1129 1
1285 1129 1
1780 1129 1
1793 1129 1
1293 1129 1
1914 1129 1
1855 1129 1
1528 1129 1
2071 1129 1
1358 1129 1
1037 1129 1
1081 1138 1
1545 1138 1
1824 1138 1
1228 1138 1
1930 1138 1
1676 1138 32
1542 1138 1
1445 1138 1
1356 1138 20
1391 1138 1
1128 1138 1
1694 1138 1
2089 1138 1
1338 1138 1
2104 1138 1
1422 1138 1
1775 1138 1
1259 1138 1
1944 1138 1
1309 1138 18
1382 1138 1
1199 1138 57
1406 1138 24
1306 1138 8
2126 1138 1
1016 1138 35
1523 1138 19
1247 1138 1
1443 1138 3
1039 1138 26
1447 1138 1
1701 1138 1
1335 1138 1
1419 1138 44
1857 1138 1
2158 1138 1
1220 1138 14
1023 1138 22
1871 1075 1
1340 1075 4
1309 1075 10
1185 1075 1
2071 1110 1
1112 1110 4
1774 1110 1
1138 1110 4
1406 1110 1
1397 1110 1
1073 1110 1
1505 1110 1
1340 1110 1
2152 1110 1
1049 1110 4
1179 1110 1
2151 1110 1
1291 1110 1
1679 1110 1
1037 1122 1
1007 1122 1
1007 1123 1
1016 1123 1
1775 1123 1
1793 1130 1
1129 1130 6
1749 1130 1
2066 1130 1
2097 1130 1
1108 1141 3
1090 1141 1
1083 1141 1
1328 1141 1
1245 1141 3
1363 1141 1
1845 1141 4
1679 1179 1
1535 1179 1
1914 1179 1
1344 1179 1
1597 1179 1
1289 1179 4
1132 1179 1
1551 1179 1
1780 1179 1
1126 1179 1
1553 1179 1
1037 1179 7
1471 1179 1
1145 1179 1
1390 1179 1
1891 1179 1
1258 1042 6
1023 1054 13
1044 1054 1
1056 1054 1
1356 1054 12
1103 1054 4
1439 1054 1
1396 1121 1
1648 1121 1
1172 1121 4
1606 1121 1
1545 1121 1
1004 1121 4
1691 1121 1
1081 1124 1
1078 1124 1
1545 1124 1
1517 1124 1
1397 1158 1
1201 1158 1
1007 1158 4
1528 1158 1
1612 1158 1
1049 1158 3
1505 1158 1
1246 1158 4
2152 1158 1
1016 1158 1
1658 1158 1
1917 1158 1
1084 1158 1
1340 1158 1
1562 1158 1
1185 1158 1
1181 1158 4
1135 1158 1
1769 1158 4
1774 1158 1
1290 1158 1
1134 1158 1
1037 1158 4
1073 1158 1
1535 1158 1
1611 1158 1
1753 1158 1
1672 1158 1
1108 1138 41
2152 1138 1
1310 1138 13
1392 1138 1
1089 1138 47
1283 1138 87
1608 1138 1
1179 1138 7
1317 1138 6
1189 1138 34
1158 1138 26
1286 1138 1
1134 1138 1
2054 1138 1
1990 1138 1
1764 1138 1
1690 1138 1
1100 1138 12
1539 1138 1
1470 1138 1
1105 1138 148
1657 1138 1
1356 1182 1
1007 1182 1
1388 1182 1
1037 1182 1
1914 1182 1
1027 1182 1
1774 1182 1
1104 1182 1
1004 1182 1
1525 1182 1
1255 1182 1
1611 1182 1
1179 1182 1
1039 1189 7
1310 1189 6
1079 1189 3
1666 1189 1
1004 1189 10
1149 1189 4
1147 1189 10
1074 1189 9
1002 1189 3
1396 1189 1
1056 1189 1
1214 1189 1
1264 1189 1
1356 1189 4
1743 1189 1
1774 1189 1
1040 1189 1
1044 1189 1
1327 1189 3
1011 1189 1
2107 1189 1
1722 1189 1
1309 1189 7
1072 1189 1
1037 1189 13
1906 1189 1
1071 1189 1
1519 1189 1
1267 1189 1
1510 1189 1
1499 1189 1
1042 1210 25
1086 1210 12
1205 1210 28
1005 1210 12
1165 1210 1
1258 1210 4
1710 1018 1
1626 1019 1
1185 1029 1
1716 1029 1
1181 1029 1
1358 1029 1
1363 1029 1
2072 1029 1
1397 1029 1
1004 1029 1
1035 1036 1
1073 1036 1
1126 1036 1
1944 1036 1
1531 1036 1
1103 1036 1
1283 1040 6
1147 1040 4
1656 1040 1
1309 1040 1
1914 1040 1
1344 1040 1
1108 1040 3
1640 1040 1
1827 1040 1
1037 1040 4
1159 1040 1
1255 1040 1
1429 1040 1
1375 1040 6
1134 1040 1
1007 1040 7
1084 1040 4
1184 1085 3
1197 1085 1
1138 1085 1
1582 1085 1
1456 1085 1
2071 1085 1
1570 1085 3
1747 1085 1
1846 1085 1
1276 1085 4
1134 1085 1
1105 1085 3
1084 1085 1
1035 1092 1
1079 1099 30
1224 1099 28
1074 1099 32
1090 1099 1
1007 1099 49
1078 1099 1
1344 1099 1
1668 1099 1
1222 1099 4
1686 1099 1
1259 1099 1
1256 1099 1
1054 1099 11
1228 1099 1
1488 1099 1
1283 1099 88
1449 1099 25
1602 1099 1
1335 1099 1
1163 1099 12
1956 1099 1
1049 1099 75
1016 1099 88
1023 1099 22
1093 1099 19
1179 1099 4
1324 1138 14
1747 1138 1
1837 1138 1
1049 1138 123
1537 1138 1
2171 1138 1
1342 1138 14
1780 1138 1
1601 1138 1
1049 1156 1
2104 1156 1
1220 1156 1
1075 1156 1
1189 1156 1
1108 1213 1
1443 1213 1
1113 1213 1
1028 1213 1
1935 1213 1
1717 1213 1
2047 1213 1
1377 1241 1
1062 1241 1
1165 1258 1
1626 1258 10
1086 1258 5
1126 1260 1
1656 1260 1
1553 1260 1
1344 1260 1
1269 1260 1
1780 1260 1
1679 1260 1
1757 1260 1
1914 1260 1
1917 1260 1
1140 1260 4
1132 1260 1
1201 1099 75
1083 1099 8
1397 1139 1
2174 1139 1
1855 1139 1
2127 1139 1
1944 1139 1
1016 1139 3
2072 1139 1
1038 1139 5
2101 1139 1
2109 1139 1
1666 1139 1
1645 1139 1
1049 1139 3
1128 1139 1
1658 1139 1
1559 1139 1
1185 1139 1
2164 1139 1
1916 1139 1
1664 1139 1
1440 1139 1
1106 1139 1
1535 1139 1
2108 1139 1
1743 1139 1
1528 1139 1
1932 1139 1
1340 1139 4
1646 1139 1
2136 1139 1
1387 1139 1
2182 1139 1
1877 1139 1
2162 1139 1
1671 1139 1
1220 1139 1
2027 1139 1
1108 1156 1
1220 1268 1
1023 1268 1
1034 1268 1
1310 1268 1
1748 1268 1
1138 1268 1
1389 1268 1
2126 1268 1
1016 1268 1
1209 1268 1
1701 1268 1
1081 1268 1
2024 1268 1
1327 1268 1
1267 1268 1
1108 1268 1
2008 1272 1
1199 1272 6
1917 1272 1
1084 1272 14
1344 1272 1
1134 1272 1
1126 1272 1
1612 1272 1
1087 1272 1
1034 1272 7
1679 1272 1
1035 1272 1
1535 1272 1
1720 1272 1
1780 1272 1
1914 1272 1
1015 1272 1
1093 1272 31
2151 1272 1
1179 1272 1
1283 1272 5
1505 1272 1
1656 1272 1
1769 1272 1
1140 1272 3
1079 1278 6
1011 1278 3
1327 1278 3
1351 1278 1
1081 1278 1
1002 1278 3
1147 1278 7
1388 1278 1
1396 1278 1
1660 1278 1
1300 1278 1
1789 1278 1
1040 1278 4
1016 1292 1
1079 1292 1
1040 1292 1
1608 1292 1
1134 1292 1
1454 1298 1
2172 1298 1
1518 1298 1
1105 1139 3
1780 1139 1
1081 1180 1
1228 1180 1
1037 1180 1
1002 1180 1
1105 1180 1
2108 1180 1
1023 1180 1
1099 1180 1
1658 1180 1
1356 1180 1
1875 1180 1
2188 1180 1
1016 1180 1
1202 1180 1
1089 1180 1
1309 1180 1
1528 1180 1
1050 1200 14
2014 1200 1
1267 1200 3
1071 1200 24
1891 1217 1
1199 1217 6
1344 1217 1
1611 1217 1
1484 1217 1
1469 1217 1
1126 1217 1
1269 1217 1
1470 1217 1
1553 1217 1
1136 1217 1
1582 1217 1
1597 1217 1
1390 1217 4
1696 1217 1
1757 1217 1
1780 1217 1
1562 1217 1
1261 1217 1
1914 1217 1
1917 1217 1
1656 1217 1
1235 1217 6
1505 1217 1
1087 1217 1
1140 1217 3
1591 1217 1
2034 1217 1
1790 1217 1
1145 1217 1
1015 1217 1
1835 1217 1
1309 1218 9
1172 1218 1
1617 1218 1
1648 1218 1
1545 1218 1
1098 1218 1
1142 1218 1
2031 1218 1
1099 1218 1
1121 1218 14
1083 1218 1
1358 1231 1
1259 1231 1
1396 1231 1
1505 1231 1
1634 1231 1
1079 1247 3
1002 1247 3
1011 1247 1
1318 1319 4
1669 1319 1
2052 1319 1
1581 1319 1
1075 1319 1
1138 1337 1
1774 1337 1
1623 1337 1
1020 1337 1
2151 1337 1
1291 1337 1
1181 1337 1
2152 1337 1
1034 1337 4
1072 1337 1
1422 1370 1
1949 1370 1
1309 1370 1
1079 1370 1
1933 1370 1
1389 1370 1
1040 1370 1
1319 1370 6
1081 1003 1
2152 1003 1
1010 1003 4
1397 1027 1
1443 1027 1
1592 1027 1
1357 1027 1
1007 1027 1
1356 1027 1
1138 1027 1
2108 1027 1
1224 1027 1
1108 1027 1
1220 1027 1
1917 1027 1
1075 1027 1
1039 1027 1
2184 1027 1
1769 1027 4
1523 1027 4
1309 1027 1
1535 1027 1
1676 1027 1
1445 1027 1
1344 1031 1
1553 1031 1
1975 1055 1
2017 1055 1
1220 1055 1
1106 1062 1
1134 1062 1
1383 1062 1
1562 1062 1
1037 1062 1
1462 1062 1
1735 1062 1
1274 1062 1
1026 1062 1
1515 1062 1
1846 1062 1
2024 1071 1
1505 1071 1
1223 1071 1
2101 1071 1
1758 1071 1
2164 1071 1
1837 1071 1
1310 1071 1
1520 1071 1
1172 1071 5
1081 1071 1
2108 1071 1
1072 1071 6
1545 1071 1
1049 1071 3
1551 1071 1
1224 1071 1
1611 1084 1
1093 1084 33
1021 1084 24
1528 1084 1
1106 1084 1
1283 1084 73
1659 1084 1
1132 1084 1
1855 1084 1
1134 1084 1
1017 1084 1
1612 1084 1
1505 1084 1
1452 1084 1
1181 1084 73
1013 1084 11
1535 1084 1
1246 1084 33
1075 1084 15
1290 1084 1
1412 1084 34
1016 1084 89
1126 1084 4
1201 1084 103
1358 1084 12
1582 1084 1
1624 1084 1
1944 1103 1
1353 1103 1
1126 1103 6
1573 1103 1
1218 1103 1
1733 1103 1
1051 1103 1
1778 1103 1
1691 1103 1
1864 1103 1
1575 1103 1
1969 1103 1
1770 1103 1
1039 1103 7
1447 1103 1
1329 1103 1
1961 1103 1
2003 1103 1
1084 1103 15
1201 1103 34
1121 1103 1
2078 1103 1
1921 1103 1
1702 1103 1
2026 1103 1
1666 1108 1
1147 1108 10
1824 1108 1
1075 1108 16
1446 1108 1
1177 1108 1
1554 1157 1
1220 1157 1
1396 1157 1
1108 1157 1
1310 1157 1
1434 1157 1
1327 1157 1
1777 1157 1
1763 1157 1
1353 1157 1
1075 1157 1
1389 1157 1
1051 1192 1
1258 1205 6
1086 1205 31
1167 1205 1
1005 1205 6
1048 1205 4
1051 1205 1
1063 1251 1
1098 1251 3
1189 1251 4
1039 1251 4
1050 1267 6
1071 1267 5
2014 1267 1
1396 1294 1
1434 1294 1
1327 1294 1
1748 1294 1
2085 1294 1
1832 1310 1
1217 1310 4
1129 1043 1
1570 1043 1
1250 1043 4
1986 1043 1
1184 1043 1
1330 1043 7
2184 1043 1
1049 1043 1
1545 1064 1
1011 1064 1
1388 1064 1
1351 1064 1
1011 1070 1
1078 1070 1
1327 1070 1
1040 1070 1
2085 1070 1
1081 1070 1
1061 1070 1
1195 1086 1
1626 1086 10
1005 1086 6
1057 1086 4
1528 1101 1
1076 1101 4
1135 1101 1
1007 1101 20
1562 1101 1
1283 1101 11
1138 1101 1
1201 1101 60
1039 1101 1
1309 1101 12
1505 1101 1
1511 1101 1
1350 1101 1
1185 1101 1
1002 1101 1
1482 1101 4
2184 1101 1
1075 1101 4
1658 1101 1
1290 1101 1
1246 1101 73
1023 1101 1
1108 1101 1
1134 1101 1
1189 1101 4
1397 1101 1
1326 1101 9
1016 1101 17
1049 1101 9
1037 1101 19
1181 1101 12
1696 1133 1
1126 1133 1
1475 1133 1
1355 1133 1
1582 1133 1
1780 1133 1
1849 1133 1
1344 1133 1
2050 1133 1
1016 1133 3
1917 1133 1
1154 1133 1
1692 1133 1
1084 1133 3
1914 1133 1
1591 1133 1
1783 1133 1
2075 1133 1
1145 1133 1
1066 1133 1
1553 1133 1
1656 1133 1
1562 1133 1
1155 1133 1
1134 1133 1
1035 1133 1
1269 1133 1
1790 1133 3
1078 1133 1
1835 1133 1
1140 1133 7
1484 1133 1
1676 1133 1
1037 1133 3
1757 1133 1
1073 1133 1
1305 1133 18
1658 1133 1
1114 1133 4
1079 1149 13
1264 1149 1
1259 1149 1
1034 1149 28
1089 1149 10
1612 1149 1
1147 1149 10
1335 1149 1
1023 1149 13
1656 1149 1
1310 1149 6
1004 1149 22
1211 1068 1
1309 1068 6
1446 1068 1
1666 1068 1
1510 1068 1
1283 1068 40
1177 1068 1
1079 1068 5
1356 1068 4
1519 1068 1
1075 1068 14
1078 1068 1
1427 1068 1
1960 1068 1
1077 1087 6
1475 1087 1
1855 1087 1
1269 1087 1
1115 1102 1
1034 1147 53
1007 1147 47
1079 1147 43
1488 1147 6
1780 1147 1
1966 1147 1
1039 1147 39
1668 1147 1
1264 1147 17
1138 1147 67
1163 1147 6
1474 1147 1
1956 1147 1
1004 1147 45
1224 1147 40
1090 1147 1
1054 1147 7
1656 1147 1
1269 1147 1
1256 1147 1
1049 1147 75
1145 1147 1
1135 1147 1
1310 1147 49
1347 1147 1
1449 1147 29
1159 1147 3
1568 1147 1
1790 1147 1
1959 1147 1
1612 1147 1
1100 1147 9
1217 1147 1
1010 1147 19
1298 1148 6
1754 1173 1
1179 1173 1
1020 1173 1
1528 1173 1
1040 1173 1
1276 1173 1
1007 1173 1
1026 1173 1
1292 1173 1
1194 1173 1
1004 1173 1
1612 1173 1
1562 1173 1
1679 1173 1
1103 1173 1
1350 1173 1
1290 1173 1
1016 1173 1
1041 1173 6
1671 1173 1
1289 1173 1
2127 1190 1
1855 1190 1
1139 1190 1
1535 1190 1
1081 1219 1
1310 1219 1
1023 1219 1
1511 1219 1
1099 1219 1
1366 1219 1
1722 1219 1
1061 1219 1
1264 1219 1
1444 1226 1
1313 1226 1
1395 1226 1
1725 1226 1
1659 1226 1
1449 1226 1
1731 1226 1
1013 1226 1
1484 1235 1
1553 1235 1
1469 1235 1
1514 1235 1
1344 1235 1
1390 1235 4
1471 1235 1
1891 1235 1
1769 1235 1
1562 1235 1
1679 1235 1
1656 1235 1
1181 1235 1
1582 1235 1
1199 1235 4
1035 1235 1
1073 1235 1
1598 1235 1
1917 1235 1
1914 1235 1
1696 1235 1
1275 1235 1
1101 1235 4
1031 1235 1
1126 1235 1
1132 1235 1
2060 1235 1
1658 1235 1
1179 1235 1
1020 1235 4
1290 1235 1
1835 1235 1
1470 1235 1
1505 1235 1
1443 1266 1
1460 1266 1
1108 1266 1
1147 1315 1
1874 1315 1
1978 1315 1
1037 1315 1
1800 1333 1
2008 1333 1
1149 1356 42
2184 1356 1
1011 1356 7
1089 1356 10
2108 1356 1
1023 1356 9
1044 1356 1
1807 1356 1
1081 1356 1
1172 1356 16
1056 1356 12
1310 1356 5
2190 1356 1
1113 1107 1
1443 1107 1
1460 1107 1
1617 1107 1
1098 1107 1
1837 1109 1
1433 1109 1
1222 1109 1
1104 1143 1
1099 1143 1
1138 1143 4
1679 1143 1
1690 1143 1
1392 1143 1
1072 1143 1
1147 1143 4
1774 1181 1
2107 1181 1
1780 1181 1
1017 1181 1
1185 1181 1
1545 1181 1
1623 1181 1
1246 1181 99
1535 1181 1
1134 1181 1
1658 1181 1
1624 1181 1
1034 1181 22
1004 1181 16
1073 1181 1
1035 1181 1
1026 1181 20
1138 1181 25
1051 1181 1
1562 1181 1
1140 1181 3
1340 1181 45
1611 1181 1
1356 1181 12
1612 1181 1
1505 1181 1
1362 1181 1
1645 1181 1
1135 1181 1
1855 1181 1
1126 1181 1
1753 1181 1
1528 1181 1
1338 1181 1
1072 1181 3
1445 1181 1
1224 1181 1
2184 1181 1
1917 1181 1
1747 1181 1
1099 1181 13
1397 1181 1
1021 1181 3
1824 1184 1
1079 1184 7
1137 1184 6
1309 1184 7
2174 1184 1
2101 1184 1
2072 1184 1
1286 1184 1
1765 1184 1
1511 1184 1
2023 1184 1
2109 1184 1
1907 1184 1
1034 1184 13
2126 1184 1
2164 1184 1
1542 1184 1
1108 1184 7
1855 1184 1
1627 1184 1
2182 1184 1
1140 1184 1
2001 1184 1
1074 1184 6
2036 1184 1
1026 1184 7
1608 1184 1
1377 1184 13
1828 1184 1
1189 1184 7
1570 1184 28
1091 1184 1
1350 1184 1
1443 1184 1
1998 1184 1
1003 1184 4
1803 1184 1
1774 1184 1
1224 1184 1
1611 1184 1
1023 1184 13
1116 1184 4
1082 1184 1
1307 1184 1
1612 1184 1
1138 1184 13
1396 1186 1
2093 1207 1
2126 1207 1
1035 1212 1
1969 1212 1
1051 1212 1
1103 1212 1
1004 1224 18
1259 1224 1
1264 1224 7
1090 1224 1
1855 1224 1
1470 1224 1
1034 1224 44
1040 1239 1
1287 1239 1
1078 1239 1
1821 1239 1
1214 1239 1
1142 1239 1
1353 1239 1
1369 1239 6
1134 1105 1
1093 1105 59
1419 1105 51
1002 1105 3
1666 1105 1
1480 1105 24
1754 1105 1
1397 1105 1
1356 1105 16
1542 1105 1
1747 1105 1
1914 1105 1
1584 1105 52
1145 1105 1
1147 1105 25
2152 1105 1
1126 1105 1
1801 1105 1
1108 1105 6
1079 1105 16
1081 1105 1
1604 1105 1
1570 1105 32
1433 1105 63
1349 1105 32
1439 1105 5
1855 1105 1
2108 1105 1
1784 1105 1
1452 1105 1
1310 1105 5
1264 1111 1
1545 1111 1
1016 1111 1
1183 1111 1
1541 1111 1
2097 1111 1
1350 1111 1
2047 1111 1
1099 1111 1
1703 1116 1
1049 1116 6
1391 1116 1
2066 1125 1
1103 1125 1
1528 1125 1
1377 1137 1
1608 1137 1
2101 1137 1
1627 1137 1
2182 1137 1
1091 1137 1
2072 1137 1
1511 1137 1
2028 1137 1
2164 1137 1
2001 1137 1
1824 1137 1
2109 1137 1
1523 1137 1
1286 1137 1
1108 1137 1
1998 1137 1
1570 1137 3
2036 1137 1
1196 1137 1
2174 1137 1
1003 1137 4
1907 1137 1
1724 1137 1
1422 1137 1
1330 1137 4
1142 1137 1
1765 1137 1
1356 1137 1
1049 1137 6
1676 1137 4
1553 1155 1
1099 1155 1
1140 1155 1
1031 1155 1
1757 1155 1
1780 1155 1
1105 1155 1
1034 1155 1
1604 1155 1
1599 1155 1
1260 1155 1
1377 1168 1
1012 1168 1
1051 1168 1
1078 1168 1
1146 1168 1
1246 1168 1
1638 1168 1
1079 1168 1
2126 1168 1
1326 1168 1
1545 1168 1
1750 1168 1
1265 1168 1
1327 1168 1
1147 1168 1
1309 1168 1
1060 1168 1
1172 1168 1
2000 1168 1
1397 1171 1
1476 1171 1
1611 1171 1
1134 1171 1
1082 1171 1
1084 1171 1
1762 1172 1
1875 1172 1
1039 1172 13
1335 1172 1
1259 1172 1
1656 1172 1
1668 1172 1
1837 1172 1
1054 1172 7
1090 1172 1
1309 1172 12
1568 1172 1
1391 1172 1
1488 1172 1
1138 1172 16
2190 1172 1
1684 1172 1
1034 1172 25
1146 1172 1
1308 1172 17
1099 1172 16
1482 1172 4
1223 1172 1
1147 1172 16
1824 1172 1
1105 1172 17
1163 1172 7
1228 1172 1
1283 1172 7
1944 1172 1
1037 1172 16
1969 1193 1
1276 1193 1
1023 1193 1
1246 1193 1
1545 1193 1
1039 1193 1
1026 1193 1
1290 1201 1
1528 1201 1
1363 1201 1
1136 1201 22
1023 1201 10
1017 1201 1
1185 1201 1
1780 1201 1
1624 1201 1
1340 1201 11
1611 1201 1
1051 1201 1
1224 1201 3
1774 1201 1
1035 1201 7
2057 1201 1
1397 1201 1
1505 1201 1
1049 1201 34
1426 1201 13
1535 1201 1
1341 1201 27
1073 1201 1
1855 1201 1
1076 1201 18
1140 1201 1
1126 1201 1
1074 1201 6
1716 1201 1
1023 1007 47
1645 1007 1
1612 1034 1
1049 1034 32
1068 1034 27
1542 1034 1
1128 1034 7
1545 1034 1
1604 1034 1
1074 1034 48
1146 1034 1
1392 1034 1
1023 1034 85
1099 1034 49
2126 1034 1
1776 1034 1
1774 1034 1
2088 1034 1
1676 1034 42
1189 1034 45
1278 1034 10
1754 1034 1
1906 1034 1
1523 1034 38
1228 1034 1
1356 1034 27
1338 1034 1
1668 1034 1
1524 1034 1
1310 1034 69
1502 1034 12
1105 1034 105
1289 1034 1
1199 1034 41
1247 1034 5
1377 1034 28
1433 1034 52
1282 1034 42
1002 1034 36
2137 1034 1
1081 1034 1
1134 1034 1
1350 1034 1
1089 1034 56
1728 1034 1
1443 1034 27
1690 1034 1
1801 1034 1
1875 1034 1
1439 1034 21
1990 1034 1
1342 1034 17
1003 1034 26
1007 1034 37
1177 1034 1
1072 1034 5
1098 1158 4
1514 1178 1
1133 1178 1
1553 1178 1
1757 1178 1
1696 1178 1
1914 1178 1
1917 1178 1
1790 1178 1
1344 1178 1
1484 1178 1
1780 1178 1
1145 1178 1
1591 1178 1
1535 1178 1
1132 1178 1
1390 1178 1
1891 1178 1
1656 1178 1
1077 1178 1
1134 1178 1
1470 1178 1
1855 1178 1
1087 1178 1
1469 1178 1
1078 1196 1
1824 1196 1
1079 1196 1
1040 1196 1
2084 1196 1
1422 1196 1
1356 1196 1
1309 1196 1
1389 1196 1
1147 1196 1
2012 1196 1
1011 1196 1
1327 1196 1
1310 1196 1
1617 1196 1
1327 1208 1
1422 1208 1
1040 1208 1
1309 1208 1
1075 1254 1
1108 1254 3
1039 1254 7
1807 1254 1
1220 1254 4
1040 1263 1
1309 1263 1
1147 1263 1
1075 1263 1
1813 1263 1
1901 1263 1
1949 1263 1
1801 1291 1
1837 1291 1
1754 1291 1
2108 1291 1
1223 1291 1
2151 1291 1
2053 1291 1
1728 1291 1
1780 1291 1
1604 1291 1
1222 1291 1
1224 1291 1
1553 1291 1
2080 1291 1
1439 1291 1
1039 1327 12
1023 1327 5
1832 1327 1
1090 1327 1
1686 1327 1
1960 1327 1
1309 1327 7
1668 1327 1
1099 1327 5
1085 1327 1
1955 1327 1
1224 1327 4
1520 1327 1
1283 1327 1
1016 1327 17
2190 1327 1
1703 1327 1
2189 1327 1
1079 1327 34
1723 1327 1
1199 1327 23
1037 1327 9
1074 1327 5
2066 1034 1
1078 1034 1
1969 1034 1
1406 1034 26
2028 1034 1
2151 1034 1
1259 1034 1
1445 1034 1
1138 1034 77
1256 1034 1
1809 1034 1
1308 1327 1
1245 1327 5
1016 1349 3
2008 1349 1
1775 1349 1
1333 1349 1
1309 1349 1
1123 1349 6
1602 1349 1
1310 1349 1
1002 1349 1
1228 1349 1
1545 1349 1
1007 1349 7
1049 1349 7
1004 1349 7
1152 1349 1
1356 1349 1
1185 1349 1
1601 1349 1
1146 1349 1
1037 1349 7
1072 1349 1
1079 1349 1
1224 1349 1
1259 1398 1
1899 1398 1
1268 1400 1
1573 1400 1
1160 1400 1
1108 1400 1
1220 1400 1
1293 1434 1
1061 1434 1
1777 1434 1
1519 1434 1
1944 1434 1
1906 1436 1
1212 1436 1
1004 1436 1
1523 1436 1
1079 1458 1
2031 1458 1
1300 1458 1
1309 1458 1
1147 1458 1
1128 1458 1
1788 1458 1
1701 1458 1
1160 1458 1
1344 1471 1
1389 1471 1
1757 1471 1
1051 1471 1
1259 1471 1
1103 1471 6
1084 1471 4
1664 1471 1
1135 1471 1
1780 1471 1
1136 1471 10
1651 1471 1
1037 1471 9
1016 1471 1
1149 1471 1
1562 1471 1
1523 1471 4
1658 1471 1
1582 1471 1
1056 1471 4
1040 1473 1
1300 1473 1
1309 1473 1
1778 1473 1
1327 1473 7
1011 1473 3
1504 1473 1
1004 1482 7
1906 1482 1
1039 1482 1
1282 1482 1
1845 1482 1
1500 1482 1
1298 1482 1
1990 1482 1
1903 1483 1
1396 1483 1
1259 1483 1
1506 1483 1
1142 1483 1
1310 1483 1
1701 1483 1
1617 1497 1
1803 1498 1
2168 1498 1
1313 1498 1
1798 1498 1
1808 1498 1
1614 1498 1
1879 1498 1
1877 1498 1
1906 1499 1
1595 1499 1
1729 1499 1
1335 1499 1
1520 1499 1
1457 1499 1
1353 1508 1
1142 1508 1
1821 1508 1
1011 1508 1
1691 1508 1
2078 1508 1
1354 1508 1
1265 1508 1
1214 1508 1
1329 1508 1
1238 1508 1
1827 1508 1
1817 1508 1
1239 1508 1
1649 1508 1
1664 1513 1
1701 1513 1
1197 1534 18
1071 1534 33
1200 1534 12
1267 1534 6
1068 1546 1
1142 1546 1
1953 1546 1
1040 1546 1
1353 1546 1
1817 1546 1
1248 1549 1
2021 1549 1
1596 1549 1
1691 1574 1
1318 1574 1
1646 1574 1
1828 1574 1
1752 1574 1
1822 1574 1
1581 1574 1
1725 1574 1
1319 1574 1
1329 1574 1
1147 1574 1
1821 1574 1
1558 1574 1
2078 1574 1
1437 1609 1
1346 1088 1
2189 1309 1
1488 1309 10
1163 1309 12
1762 1309 1
1832 1309 1
1050 1309 12
1668 1309 1
1090 1309 1
1944 1309 1
1222 1309 23
1391 1309 1
1034 1309 90
1956 1309 1
1054 1309 4
1235 1309 10
1703 1309 1
1256 1309 1
1283 1309 31
1147 1309 24
1955 1309 1
2190 1309 1
2089 1309 1
1723 1309 1
1121 1309 20
1223 1309 1
1837 1309 1
1100 1309 3
1201 1309 74
1754 1309 1
1144 1309 4
1308 1309 5
1875 1309 1
1037 1309 107
1203 1312 1
1066 1312 1
1644 1312 1
1627 1091 1
1248 1097 1
1858 1127 1
1396 1127 1
1264 1127 1
1040 1127 1
1389 1127 1
1147 1127 1
1310 1127 1
1112 1127 1
1309 1127 1
1259 1127 1
1204 1127 1
1075 1127 1
1576 1127 1
1017 1127 1
1446 1127 1
1701 1127 1
1138 1131 1
1037 1136 36
1753 1136 1
1611 1136 1
1073 1136 4
1906 1136 1
1007 1136 13
1017 1136 1
1801 1136 1
1604 1136 1
1845 1136 4
1134 1136 1
1855 1136 1
1126 1136 4
2188 1136 1
1990 1136 1
1021 1136 4
1027 1136 9
1149 1136 7
1035 1136 4
1019 1136 1
1105 1136 23
1001 1136 17
1309 1136 6
1283 1136 44
1809 1136 1
1969 1136 1
1335 1136 1
1081 1136 1
1524 1136 1
1172 1153 1
1396 1153 1
1447 1161 1
1278 1161 1
1331 1161 1
1286 1161 1
1824 1161 1
1789 1161 1
1557 1161 1
1220 1161 1
1833 1161 1
1786 1161 1
1690 1222 1
1079 1222 26
1138 1222 7
1061 1222 6
2189 1222 1
1152 1222 1
1081 1222 1
1754 1222 1
1439 1222 6
1875 1222 1
1519 1222 1
1944 1222 1
1774 1222 1
1071 1222 11
1172 1222 40
1138 1246 28
1350 1246 1
1134 1246 1
1545 1246 1
1135 1246 1
1309 1246 21
1185 1246 1
1645 1246 1
1562 1246 1
1528 1246 1
1774 1246 1
1517 1246 1
1017 1246 1
1769 1246 40
1658 1246 1
1623 1246 1
1808 1246 1
1432 1246 1
1611 1246 1
1289 1246 3
1612 1246 1
1505 1246 1
1452 1246 1
1542 1246 1
1128 1246 4
1917 1246 1
1040 1246 13
2136 1312 1
1390 1312 1
1475 1312 1
1079 1314 1
1732 1314 1
1214 1314 1
1874 1314 1
1953 1314 1
1396 1314 1
1354 1314 1
1128 1314 1
1389 1314 1
1545 1314 1
1600 1314 1
1016 1314 1
1147 1314 1
1891 1322 1
1443 1323 1
1220 1323 1
1309 1323 1
1748 1323 1
2126 1323 1
1108 1323 1
1617 1323 1
1327 1323 1
1385 1325 188
1762 1326 1
1228 1326 1
1146 1326 1
1090 1326 1
1668 1326 1
1686 1326 1
1079 1326 4
1074 1326 3
1034 1326 7
1956 1326 1
1002 1326 1
1159 1326 1
1261 1326 1
1246 1326 48
1033 1326 7
2190 1326 1
1163 1326 4
1039 1326 7
1488 1326 1
1969 1326 1
1134 1326 1
1224 1326 1
1753 1246 1
1060 1246 15
1073 1246 3
1099 1246 27
1146 1246 1
1971 1246 1
1140 1246 3
1201 1246 117
1397 1246 1
1034 1246 22
1020 1246 86
1126 1246 1
1149 1246 3
1078 1246 1
1672 1246 1
2142 1246 1
1079 1246 16
1147 1246 13
1081 1246 1
2108 1246 1
1535 1246 1
1027 1367 1
1357 1367 1
1182 1367 1
1980 1367 1
1111 1374 1
1871 1374 1
1183 1374 1
1110 1374 1
1079 1379 1
1023 1379 1
1063 1379 1
1422 1379 1
1040 1379 1
1581 1379 1
1545 1379 1
1612 1379 1
1214 1379 1
1327 1380 1
2085 1380 1
1485 1380 1
2084 1380 1
1198 1382 1
1594 1382 6
2008 1382 1
1579 1382 1
1645 1382 1
1566 1405 1
2126 1405 1
1740 1405 1
1567 1405 1
1660 1405 1
2028 1405 1
1309 1405 1
1443 1405 1
1027 1405 1
1037 1405 4
1147 1405 1
1075 1246 57
2184 1246 1
2073 1246 1
1608 1246 1
1001 1246 43
1145 1246 1
1780 1261 1
1051 1261 1
1074 1261 1
1835 1261 1
1344 1261 1
1656 1261 1
1309 1264 7
1282 1264 22
1310 1264 27
1039 1264 9
1811 1405 1
1152 1406 1
1147 1406 13
1623 1406 1
1439 1406 3
1224 1406 4
1142 1430 1
1701 1430 1
1068 1430 1
2126 1430 1
1353 1430 1
1669 1430 1
1327 1430 1
1108 1430 1
1264 1430 1
1481 1430 1
1220 1430 1
1034 1430 1
1076 1430 1
1328 1430 1
1377 1430 1
1035 1431 11
1135 1431 1
1562 1431 1
1392 1431 1
1290 1431 1
1010 1431 1
1126 1431 4
1246 1431 1
1016 1431 1
1358 1431 1
1505 1431 1
1077 1431 10
1582 1431 1
1007 1431 3
1528 1431 1
1302 1431 1
1134 1431 1
1105 1431 1
1353 1464 1
1816 1464 1
1300 1464 1
1529 1464 1
1879 1464 1
1774 1480 1
1659 1480 1
1084 1480 6
1611 1480 1
1099 1480 1
1505 1480 1
1048 1480 1
1037 1480 7
1246 1480 3
1007 1480 7
1016 1480 3
1039 1480 1
1309 1493 1
1357 1493 1
1027 1493 1
1916 1493 1
2188 1493 1
2024 1493 1
1443 1501 1
1079 1501 1
1310 1501 1
1108 1501 1
1545 1501 1
1078 1501 1
1177 1501 1
1309 1501 1
1014 1501 1
1016 1243 6
1624 1243 1
1039 1243 4
1072 1243 3
1865 1243 1
1191 1243 1
1535 1243 1
1757 1243 1
1531 1282 4
1310 1282 5
1079 1282 6
1002 1282 6
1004 1282 4
1152 1282 1
1081 1282 1
1875 1282 1
1690 1282 1
1116 1282 1
1147 1282 10
1366 1282 1
1961 1282 1
1783 1282 12
1722 1282 1
1072 1282 1
1774 1282 1
1575 1282 1
1016 1283 34
1612 1283 1
1535 1283 1
1201 1283 125
1246 1283 37
1775 1283 1
1528 1283 1
1396 1283 1
1181 1283 23
1358 1283 43
1562 1283 1
1007 1283 51
1228 1283 1
1658 1283 1
1134 1283 1
1855 1283 1
1624 1283 1
1135 1283 1
1017 1283 1
1185 1283 1
1601 1283 1
1073 1283 1
1098 1370 1
1617 1370 1
1669 1370 1
1752 1370 1
1828 1370 1
1177 1370 1
1353 1370 1
1356 1370 1
1147 1370 1
1142 1370 1
1329 1370 1
1767 1370 1
1264 1370 1
1463 1370 1
2047 1370 1
2090 1370 1
1863 1370 1
1349 1370 1
1466 1373 1
1259 1373 1
1300 1373 1
1147 1373 1
1804 1373 1
1429 1373 1
2031 1373 1
1128 1373 1
1309 1373 1
1813 1373 1
1646 1373 1
1356 1373 1
1304 1410 1
1588 1410 1
1145 1410 1
1185 1419 1
1471 1419 1
1611 1419 1
1289 1419 20
1562 1419 1
1658 1419 1
1049 1419 11
1356 1419 1
2043 1419 1
1528 1419 1
1246 1419 12
1073 1419 26
1126 1419 9
1397 1419 1
1351 1419 1
1035 1419 9
1135 1419 1
2151 1419 1
1774 1419 1
1149 1419 1
1199 1419 11
1056 1419 1
1172 1419 9
1545 1255 1
1199 1255 1
1774 1255 1
1248 1255 1
2021 1255 1
1246 1273 1
1966 1273 1
1764 1273 1
1906 1273 1
1775 1273 1
1780 1305 1
1344 1305 1
1562 1305 1
1553 1305 1
1679 1305 1
1087 1305 1
1960 1305 1
1914 1305 1
1185 1305 1
1484 1305 1
1470 1305 1
1390 1305 7
1591 1305 1
1757 1305 1
1582 1305 1
1159 1305 7
1696 1305 1
1599 1305 1
2050 1305 1
1260 1305 1
1179 1305 1
1835 1305 1
1114 1305 1
1037 1305 1
1611 1305 1
1269 1305 1
1343 1305 1
1132 1305 1
1917 1305 1
1881 1305 1
1084 1305 1
1108 1076 7
1243 1076 29
1780 1283 1
1145 1283 1
1774 1283 1
1645 1283 1
2000 1283 1
1690 1283 1
1350 1283 1
1072 1283 1
1035 1283 1
1611 1283 1
1140 1283 3
1340 1283 50
1160 1295 1
1566 1295 1
1691 1295 1
1134 1419 1
1396 1424 1
2031 1438 1
1356 1438 1
1147 1438 1
1669 1438 1
1581 1438 1
1545 1438 1
1429 1438 1
1264 1438 1
1353 1438 1
1422 1443 1
1079 1443 6
1309 1443 10
1209 1443 1
1011 1443 1
1666 1443 1
1039 1443 7
1023 1443 3
1149 1443 4
1264 1443 1
1040 1443 1
1056 1443 4
1356 1443 1
1388 1443 1
1891 1305 1
1126 1305 1
1535 1305 1
1916 1308 1
1684 1308 1
1222 1308 9
1837 1308 1
1228 1308 1
1309 1324 1
1103 1324 1
1290 1324 1
1528 1324 1
1098 1324 4
1105 1324 3
1007 1324 4
1612 1324 1
1327 1324 1
2184 1324 1
1016 1324 1
1356 1324 1
1377 1324 1
1224 1342 4
1185 1342 1
1855 1342 1
1891 1342 1
1553 1342 1
1260 1342 4
1635 1364 1
1079 1364 1
1309 1364 1
1134 1364 1
1447 1364 1
1511 1364 1
1079 1369 1
1949 1369 1
1422 1369 1
1264 1369 1
1040 1369 1
1016 1369 1
1873 1369 1
1572 1369 1
1060 1369 1
1767 1369 1
1309 1369 1
1259 1369 1
1147 1369 1
1669 1369 1
1128 1369 1
1542 1369 1
1098 1369 1
1813 1369 1
1608 1369 1
1748 1076 1
1612 1076 1
1222 1039 7
1079 1039 24
1175 1296 6
1720 1296 1
1286 1296 1
1601 1306 1
1326 1306 1
1545 1306 1
1184 1306 7
1443 1306 1
2158 1306 1
1750 1306 1
2126 1306 1
1581 1306 1
1338 1306 1
1623 1306 1
1775 1306 1
1286 1306 1
1930 1306 1
2000 1306 1
1406 1306 3
1676 1306 3
1537 1306 1
1247 1306 1
2184 1316 1
1075 1316 1
1445 1316 1
1108 1316 1
1098 1331 1
1037 1331 1
1246 1331 1
1179 1339 6
1891 1339 1
1126 1339 3
1597 1339 1
1679 1339 1
1917 1339 1
1780 1339 1
1396 1348 1
1634 1348 1
1259 1348 1
1027 1348 1
1147 1348 1
1962 1366 1
1722 1366 1
1729 1366 1
1429 1376 1
1669 1376 1
1319 1376 4
1691 1376 1
1259 1376 1
1581 1376 1
1877 1376 1
2031 1376 1
1767 1376 1
1040 1376 1
1147 1376 1
1356 1376 1
1495 1376 1
1949 1376 1
1617 1443 1
1350 1463 1
1016 1463 1
1142 1463 1
1389 1463 1
1075 1463 1
2126 1463 1
1105 1463 1
2084 1463 1
1327 1463 1
1037 1463 1
1108 1463 1
1246 1463 1
1309 1463 1
1933 1463 1
1216 1463 1
2088 1463 1
1579 1463 1
1668 1488 1
1676 1488 19
1606 1488 1
1809 1488 1
1149 1488 18
1138 1488 14
1134 1488 1
1774 1488 1
1678 1488 1
1612 1488 1
1163 1488 1
1202 1488 1
1443 1488 10
1484 1489 1
1582 1489 1
1599 1489 1
1344 1489 1
1553 1489 1
1914 1489 1
1917 1489 1
1126 1489 1
1217 1489 1
1591 1489 1
1769 1489 1
1790 1489 1
1696 1489 1
1031 1489 1
1159 1489 1
1780 1489 1
1372 1489 1
1228 1517 1
1172 1517 1
1011 1517 1
1002 1517 1
1328 1517 1
1754 1517 1
1633 1517 1
1649 1517 1
1838 1517 1
2053 1517 1
1134 1369 1
1142 1385 1
1528 1385 1
1176 1385 1
2084 1385 1
1585 1385 1
1817 1387 1
1040 1387 1
1214 1387 1
1821 1387 1
1142 1387 1
1353 1387 1
1443 1426 1
2150 1426 1
1081 1426 1
1034 1426 1
1542 1426 1
1356 1426 1
1049 1426 1
1809 1426 1
1523 1426 1
1660 1426 1
1135 1426 1
1286 1426 1
1134 1426 1
2126 1426 1
1969 1426 1
1646 1426 1
1310 1426 1
1108 1426 1
1111 1426 1
1363 1426 1
1930 1426 1
1566 1426 1
1382 1426 1
1191 1426 1
1524 1426 1
1215 1426 1
1128 1426 1
1606 1426 1
1023 1426 1
1338 1426 1
1422 1426 1
1136 1426 1
2028 1426 1
1421 1426 1
1807 1426 1
1545 1426 1
2146 1426 1
1906 1426 1
1007 1426 4
1927 1426 1
2066 1426 1
1075 1426 1
1189 1426 1
1824 1426 1
1183 1426 1
1274 1426 1
1405 1426 1
1676 1426 1
1142 1426 1
1379 1426 1
1326 1426 1
1246 1426 4
1181 1426 1
1638 1426 1
1040 1426 1
1861 1083 1
1089 1083 1
1228 1083 1
1256 1083 1
1039 1083 1
1433 1083 4
1144 1083 1
1163 1083 1
1445 1113 1
1073 1126 30
1891 1126 1
1471 1126 37
1553 1039 1
1813 1376 1
1528 1412 1
1135 1412 1
2071 1412 1
1049 1412 3
1562 1412 1
1774 1412 1
1887 1412 4
1882 1412 1
1340 1412 7
1246 1412 3
1658 1412 1
1181 1412 5
1016 1412 5
1037 1412 9
1021 1412 9
1283 1412 6
1134 1412 1
1505 1412 1
1780 1412 1
1101 1412 4
1452 1412 1
1855 1412 1
1290 1412 1
1185 1412 1
1396 1420 1
1780 1423 1
1774 1423 1
2177 1423 1
1236 1428 1
1238 1428 1
1060 1428 1
1581 1428 1
1422 1428 1
1545 1428 1
1529 1428 1
1535 1433 1
1246 1433 8
1559 1433 1
2073 1433 1
1135 1433 1
1391 1433 1
1037 1433 15
1098 1433 4
1138 1433 13
1023 1433 3
1701 1433 1
1149 1433 4
1179 1433 1
1350 1433 1
1002 1433 3
1562 1433 1
1224 1433 4
1039 1433 7
1337 1433 4
1134 1433 1
1753 1433 1
1185 1433 1
1645 1433 1
1016 1433 10
1866 1433 1
1201 1433 11
1406 1433 3
1917 1433 1
1289 1433 1
1679 1433 1
1340 1433 24
1769 1433 1
1774 1433 1
2108 1517 1
1209 1517 1
1310 1517 1
1944 1517 1
1309 1523 7
1392 1523 1
1011 1523 1
1327 1523 3
1149 1523 4
1211 1523 1
1079 1523 3
1002 1523 3
1072 1523 4
1056 1523 1
1310 1523 3
2152 1523 1
1073 1523 4
1209 1523 1
1023 1523 3
1529 1523 1
1004 1523 7
1264 1523 1
1858 1523 1
2085 1523 1
1649 1523 1
1748 1523 1
1388 1523 1
1040 1523 1
1366 1523 1
1499 1523 1
1185 1523 1
1356 1523 1
1264 1531 4
1759 1531 1
1559 1531 1
1875 1531 1
1068 1531 1
1351 1531 1
2024 1531 1
1758 1531 1
1300 1550 1
1575 1550 1
1112 1550 1
1961 1550 1
1571 1550 1
1396 1565 1
1004 1565 1
1108 1565 1
1220 1565 1
1179 1565 1
1327 1565 1
1147 1565 1
1034 1565 1
1859 1565 1
1433 1565 1
1855 1570 1
1377 1570 7
1608 1570 1
1189 1570 4
2145 1570 1
2072 1570 1
2101 1570 1
2023 1570 1
2168 1570 1
1422 1570 1
1338 1570 1
1775 1570 1
2164 1570 1
1310 1570 7
1108 1570 1
2036 1570 1
2107 1570 1
1523 1570 1
1224 1570 1
2109 1570 1
1138 1570 10
2001 1570 1
1091 1570 1
1824 1570 1
1701 1570 1
2174 1570 1
2126 1570 1
2066 1570 1
1220 1426 1
1716 1426 1
1886 1426 1
1016 1426 4
1037 1426 4
1754 1439 1
1837 1439 1
1658 1439 1
1016 1439 6
1545 1439 1
1664 1439 1
1010 1439 12
2124 1439 1
1611 1439 1
1223 1439 1
2053 1439 1
1875 1439 1
1100 1439 4
1356 1439 1
1971 1439 1
2126 1439 1
1140 1439 1
1690 1439 1
1504 1439 1
1545 1504 1
1542 1504 1
1778 1504 1
1754 1504 1
1128 1504 1
1780 1521 1
1393 1521 1
1562 1521 1
1145 1522 1
1134 1522 1
1780 1522 1
1696 1522 1
1344 1522 1
1553 1522 1
1591 1522 1
1390 1522 1
1835 1522 1
1126 1522 1
1269 1522 1
1728 1044 1
1038 1050 26
1185 1050 1
1139 1050 30
1071 1050 31
1651 1050 45
1106 1050 1
1582 1050 1
1350 1050 1
1021 1050 22
1016 1050 12
1151 1050 1
1340 1050 4
1412 1050 37
1559 1050 1
1075 1050 10
1264 1050 7
1534 1050 48
1282 1050 6
1930 1063 1
1145 1069 1
2089 1072 1
1906 1072 1
1660 1072 1
1160 1072 1
1278 1072 1
1557 1072 1
1142 1072 1
1027 1072 9
1720 1072 1
1488 1072 1
1511 1072 1
1503 1072 1
1524 1072 1
1222 1072 4
1837 1072 1
1817 1072 1
1789 1072 1
1953 1072 1
2137 1072 1
2088 1072 1
1310 1072 7
1690 1072 1
1223 1072 1
2136 1072 1
1350 1072 1
1824 1072 1
2151 1072 1
1126 1072 1
1608 1072 1
1002 1072 3
1612 1072 1
1875 1072 1
1185 1072 1
1647 1072 1
1035 1072 1
1016 1094 1
1037 1094 1
1135 1094 1
1122 1094 6
1166 1094 1
1106 1094 1
1007 1094 1
1780 1094 1
1019 1094 1
1611 1094 1
1246 1094 1
1356 1094 1
1327 1094 1
1656 1094 1
1553 1094 1
1006 1094 1
1039 1094 1
1017 1094 1
1009 1094 1
2017 1094 1
1425 1094 1
1582 1094 1
1855 1094 1
1138 1094 1
1105 1094 1
1220 1094 1
1914 1094 1
1136 1094 1
1049 1260 1
2062 1260 1
1917 1270 1
1134 1270 1
1135 1270 1
1780 1270 1
1181 1270 1
1139 1270 1
1126 1270 1
1105 1270 1
1185 1270 1
1035 1270 1
1133 1270 1
1344 1270 1
1031 1270 1
1553 1270 1
1132 1270 1
1612 1270 1
1696 1270 1
1656 1270 1
1073 1270 1
1140 1270 1
2127 1270 1
1138 1270 1
1582 1270 1
1914 1270 1
1835 1270 1
1389 1311 1
1585 1311 1
2184 1311 1
1327 1311 1
1309 1311 1
2108 1311 1
1246 1311 1
1672 1311 1
1016 1311 1
1356 1311 1
1098 1311 1
1340 1311 1
2071 1311 1
1553 1311 1
1326 1311 1
1303 1311 1
1012 1311 1
1970 1311 1
1396 1311 1
1396 1317 1
1356 1317 1
1113 1317 1
1956 1328 1
1081 1328 1
1090 1328 1
1944 1328 1
1243 1328 6
1228 1328 1
1309 1328 7
1698 1328 1
1686 1328 1
1269 1328 1
1099 1328 1
1007 1328 13
1668 1328 1
1520 1328 1
1335 1328 1
1310 1328 1
1703 1328 1
1074 1328 3
1172 1328 4
1184 1328 6
1427 1328 1
1039 1328 4
1245 1328 8
1273 1328 1
1068 1328 4
1108 1359 1
1220 1359 1
1617 1359 1
1310 1377 6
1750 1377 1
1016 1377 10
1079 1377 3
1172 1377 4
1701 1377 1
1108 1377 3
1078 1377 1
1081 1377 1
1011 1377 1
1545 1377 1
1327 1377 3
1142 1377 1
1040 1377 1
1542 1377 1
1147 1377 4
1204 1377 1
1002 1377 3
1326 1377 4
1309 1377 4
1306 1377 9
1098 1377 3
1765 1377 1
1666 1377 1
1748 1377 1
1646 1377 1
1264 1377 1
1338 1377 1
1581 1377 1
1995 1377 1
1215 1377 1
2085 1377 1
1246 1377 7
1353 1377 1
2158 1377 1
1664 1377 1
1510 1377 1
1128 1377 1
1447 1377 1
1105 1377 12
1023 1377 6
1037 1377 10
2066 1103 1
1009 1103 1
1204 1117 1
1027 1117 1
1367 1117 1
1108 1117 1
1078 1128 1
2126 1128 1
1079 1128 3
1011 1128 1
1310 1128 3
1327 1128 3
1081 1128 1
1228 1128 1
1142 1128 1
1016 1128 4
1214 1128 4
1160 1128 1
1953 1128 1
1961 1152 1
1017 1154 1
1034 1163 54
1256 1163 1
1023 1163 38
1503 1163 1
1224 1163 10
1076 1163 16
1906 1163 1
1754 1166 1
1326 1166 1
1612 1166 1
1146 1166 1
1511 1166 1
1105 1166 3
1184 1166 1
1528 1166 1
1007 1166 7
1082 1166 1
1023 1166 1
1301 1166 1
1138 1166 7
1776 1166 1
1855 1166 1
1110 1166 4
1078 1215 1
1079 1215 1
1214 1215 9
1816 1215 1
1142 1215 1
1353 1215 1
1701 1215 1
1874 1215 1
1147 1215 1
1542 1215 1
1355 1215 14
1617 1215 1
1314 1215 6
1259 1215 1
1264 1215 1
1545 1220 1
1090 1220 1
1309 1220 1
1382 1220 22
1081 1220 1
1023 1220 3
1350 1220 1
1149 1220 4
1108 1220 44
1245 1220 40
1328 1220 3
1189 1220 3
1608 1220 1
1338 1220 1
1012 1220 1
1356 1220 15
1002 1220 1
1389 1220 1
1327 1220 3
1141 1220 13
1039 1220 1
1074 1220 4
1083 1220 1
1488 1310 10
1309 1310 13
1002 1310 3
1956 1310 1
1224 1310 14
1184 1310 44
1470 1310 1
1762 1310 1
1259 1310 1
1668 1310 1
1955 1310 1
1228 1310 1
1159 1310 1
1582 1310 1
1523 1340 1
1397 1340 1
1562 1340 1
2126 1340 1
1553 1340 1
1422 1340 1
1338 1340 1
1824 1340 1
1007 1340 25
1517 1340 1
1145 1340 1
1545 1340 1
1624 1340 1
1049 1340 24
1505 1340 1
1676 1340 1
2071 1340 1
1780 1340 1
1135 1340 1
1026 1340 12
1185 1340 1
2073 1340 1
1406 1340 1
1582 1340 1
1084 1340 28
1391 1347 1
1432 1347 1
1827 1347 1
1126 1411 1
1140 1411 1
1757 1411 1
1914 1411 1
1185 1411 1
1199 1411 1
1599 1411 1
1505 1411 1
1780 1411 1
1535 1411 1
1105 1411 1
1068 1417 1
1537 1417 1
1356 1449 7
1452 1449 1
1108 1449 13
1309 1449 4
1862 1449 1
1037 1449 9
1040 1449 4
1016 1449 12
1389 1449 1
1149 1449 12
1456 1449 1
1474 1449 1
1014 1449 4
1078 1449 1
1017 1449 1
1778 1449 1
1023 1449 7
1039 1449 6
1310 1449 3
1142 1449 1
1617 1449 1
1108 1465 1
1220 1465 1
1160 1465 1
1396 1502 1
1397 1502 1
1524 1502 1
1537 1502 1
1075 1502 1
1160 1502 1
1147 1502 4
1612 1502 1
1181 1502 4
1391 1510 1
1249 1530 1
1395 1530 1
1079 1540 1
1356 1540 1
1147 1540 1
2152 1540 1
1623 1540 1
1499 1540 1
1690 1540 1
1004 1540 1
1689 1540 1
1152 1540 1
1138 1540 1
1660 1540 1
2052 1544 1
1388 1544 1
1147 1544 1
1027 1567 1
1142 1569 1
1108 1569 1
1701 1569 1
1430 1569 1
1427 1569 1
1220 1569 1
2126 1569 1
2028 1569 1
1259 1569 1
1076 1569 1
1138 1580 1
1010 1580 1
1108 1580 4
1505 1580 1
1147 1580 1
1562 1580 1
1034 1580 1
1289 1580 1
1181 1580 1
1004 1580 1
1445 1580 1
1623 1580 1
2107 1580 1
1224 1580 1
1944 1584 1
1016 1584 3
1397 1584 1
1774 1584 1
1003 1584 1
1023 1584 7
1392 1584 1
1138 1584 7
1326 1584 3
1309 1584 7
1666 1584 1
1608 1584 1
1189 1584 4
1149 1584 3
1145 1584 1
1542 1584 1
1452 1584 1
1676 1584 1
1562 1584 1
2126 1584 1
1289 1584 1
2043 1584 1
1824 1584 1
1134 1584 1
1906 1584 1
1523 1584 1
1007 1584 13
1422 1584 1
1528 1584 1
1136 1584 7
1338 1584 1
1128 1584 1
1075 1584 6
1185 1584 1
2084 1584 1
1034 1584 7
1078 1584 1
1124 1584 1
1224 1584 1
1049 1584 9
1623 1584 1
1604 1584 1
1412 1584 4
1177 1584 1
1184 1584 3
1837 1594 1
1079 1594 1
1754 1594 1
1511 1594 1
1723 1594 1
1545 1594 1
1222 1594 1
1422 1594 1
1225 1626 1
1210 1626 7
1005 1626 1
1205 1626 7
1042 1626 7
1016 1626 1
1199 1640 1
1235 1640 4
1835 1640 1
1260 1640 1
1344 1640 1
1105 1640 1
1535 1640 1
1855 1640 1
1126 1640 1
1084 1640 1
1917 1640 1
1553 1640 1
1269 1640 1
1133 1640 20
1780 1640 1
1140 1640 7
1217 1640 4
1696 1640 1
1757 1640 1
1591 1640 1
1914 1640 1
1582 1640 1
1484 1640 1
1514 1640 1
1268 1188 1
1326 1194 1
1098 1194 1
1377 1194 1
1044 1194 1
1039 1194 1
1079 1194 1
1581 1194 1
1264 1194 1
1016 1194 1
1447 1194 1
1023 1194 7
1128 1194 1
1327 1194 1
1542 1194 1
2000 1194 1
1147 1194 1
1002 1194 1
1309 1194 1
1750 1194 1
1081 1194 1
1146 1194 1
1040 1194 1
1775 1194 1
1353 1194 1
1944 1194 1
1138 1194 1
1310 1194 1
1080 1194 1
1356 1194 1
1748 1194 1
1108 1194 1
1037 1194 7
1264 1199 1
1528 1199 1
2152 1199 1
1073 1199 3
1930 1199 1
1105 1199 22
1172 1199 7
1177 1199 1
1310 1199 6
1181 1199 13
1004 1199 7
1037 1199 12
1545 1199 1
2107 1199 1
1099 1199 12
1774 1199 1
2085 1199 1
1356 1199 9
1056 1199 1
1007 1199 16
1023 1199 5
1039 1199 4
1072 1199 23
1074 1199 9
1089 1199 5
1076 1199 12
1612 1199 1
1149 1199 4
1389 1199 1
1754 1199 1
2111 1199 1
1185 1199 1
1350 1199 1
1063 1199 1
1309 1199 7
1267 1199 1
1071 1199 3
1397 1199 1
1211 1199 1
1748 1199 1
1439 1199 6
1135 1199 1
1246 1199 11
1049 1199 11
1446 1199 1
1142 1214 1
1353 1214 1
1309 1214 1
1079 1214 1
1081 1214 1
1327 1214 1
1002 1214 1
1023 1214 1
1147 1214 1
1310 1214 1
1356 1214 7
1542 1214 1
2188 1214 1
1355 1214 17
1287 1214 1
1210 1225 1
1047 1249 1
1262 1249 1
1226 1249 6
1473 1249 1
1381 1250 6
1184 1250 1
1137 1250 4
1688 1250 1
1422 1252 1
1673 1252 1
1289 1285 1
1004 1285 1
1075 1285 1
1181 1285 1
1224 1285 1
1562 1285 1
1034 1285 1
1505 1285 1
1108 1285 1
1010 1285 1
1138 1285 1
1147 1285 1
1220 1285 1
1051 1289 1
1138 1289 13
1545 1356 1
1748 1356 1
1099 1356 15
1754 1356 1
1309 1356 7
1002 1356 3
2085 1356 1
1327 1356 12
1326 1356 9
1113 1356 6
1581 1356 1
1040 1356 3
1098 1356 44
1228 1356 1
1108 1356 61
1251 1356 9
1177 1356 1
1875 1356 1
1254 1356 17
1377 1356 19
1638 1356 1
1037 1356 34
2107 1034 1
1327 1034 60
1917 1034 1
1079 1034 80
1051 1037 1
1326 1037 44
1138 1037 52
1149 1037 68
1658 1037 1
1075 1037 89
1017 1037 1
1562 1037 1
1646 1037 1
1108 1037 39
1584 1037 57
1780 1037 1
1774 1037 1
1185 1037 1
1246 1037 190
1535 1037 1
1134 1037 1
1391 1037 1
1552 1037 1
1078 1037 1
1612 1037 1
1049 1037 138
1645 1037 1
1132 1037 1
1126 1037 4
1656 1037 1
1146 1037 1
1914 1037 1
1084 1037 37
1528 1037 1
1224 1037 8
1181 1037 106
1098 1037 66
1611 1037 1
1015 1037 1
1016 1037 83
1505 1037 1
1012 1037 1
1105 1037 211
1201 1037 130
2152 1037 1
1066 1037 1
1769 1037 42
1291 1037 4
1090 1037 1
1456 1037 1
1396 1037 1
1211 1037 1
1147 1037 27
1646 1201 1
1754 1201 1
1149 1201 3
2071 1201 1
1340 1037 17
1140 1037 3
1666 1037 1
1328 1037 51
1283 1037 125
1135 1037 1
1085 1037 15
1289 1037 1
1397 1037 1
1801 1037 1
1310 1037 16
1917 1037 1
1072 1037 3
1701 1037 1
1635 1204 1
1051 1204 1
1364 1204 6
1396 1206 1
1040 1206 1
2152 1206 1
1759 1209 1
1754 1209 1
2169 1209 1
1944 1209 1
1518 1209 1
1925 1209 1
1356 1234 1
1765 1234 1
1034 1234 1
1616 1234 1
1264 1234 1
1098 1237 1
1396 1237 1
1353 1237 1
1356 1237 1
1108 1237 1
1138 1237 1
2124 1237 1
1220 1237 1
1185 1237 1
1181 1237 1
1113 1237 1
1309 1238 1
1396 1238 1
1079 1238 1
1669 1238 1
1422 1238 1
1581 1238 1
1040 1238 1
1545 1238 1
1441 1238 1
1813 1238 1
1236 1238 1
1142 1238 1
1517 1238 1
1246 1238 1
1002 1037 1
2108 1037 1
1020 1037 109
1570 1037 44
1001 1037 40
1099 1037 40
1184 1037 68
1514 1037 1
1350 1037 1
1025 1248 6
1596 1248 1
1953 1253 1
1691 1253 1
1215 1253 1
1327 1253 1
1389 1253 1
2026 1253 1
1079 1253 1
2025 1253 1
1377 1253 1
1701 1253 1
1079 1265 1
1011 1265 1
1754 1265 1
1396 1265 1
1340 1276 7
1016 1276 36
1138 1276 17
1350 1276 1
1624 1276 1
1134 1276 1
1181 1276 71
1774 1276 1
1780 1276 1
1562 1276 1
1283 1276 67
1007 1276 22
1135 1276 1
1037 1276 38
1246 1276 83
1140 1276 28
1136 1276 9
1017 1276 1
1072 1276 4
1185 1276 1
1528 1276 1
1658 1276 1
1914 1276 1
1020 1276 10
2152 1276 1
1645 1276 1
1049 1276 19
1612 1276 1
1505 1276 1
1356 1276 4
1054 1276 1
1034 1276 3
1969 1276 1
2008 1276 1
1199 1276 35
1149 1276 1
1272 1276 7
1105 1276 27
1099 1276 9
1753 1276 1
1611 1276 1
1073 1276 1
1623 1276 1
1290 1276 1
1855 1276 1
1075 1276 36
1917 1276 1
1545 1276 1
1132 1276 1
1126 1276 1
1089 1276 9
1217 1276 5
1035 1276 3
1511 1609 1
1242 1632 6
1396 1632 1
1579 1632 1
1327 1632 1
1389 1632 1
1612 1632 1
1739 1632 1
1906 1651 1
1016 1651 3
2071 1651 1
1887 1651 4
1528 1651 1
1524 1651 1
1658 1651 1
1105 1651 3
1185 1651 1
1134 1651 1
1412 1651 40
1780 1651 1
1562 1651 1
1310 1676 6
1309 1676 10
1004 1676 13
1079 1676 6
1209 1676 1
1471 1676 3
1011 1676 1
1327 1676 3
1446 1676 1
1056 1676 4
1612 1676 1
1073 1676 3
1356 1676 1
1264 1676 1
1290 1676 1
1906 1676 1
1523 1676 5
1780 1676 1
1351 1676 1
1126 1676 3
1388 1676 1
2085 1676 1
1074 1676 12
1774 1676 1
1002 1676 3
1134 1676 1
1149 1676 4
1061 1676 1
1282 1676 3
1076 1676 13
1748 1676 1
1623 1676 1
1528 1676 1
1152 1676 1
1350 1676 1
2072 1703 1
1085 1703 1
2101 1703 1
1875 1703 1
1627 1703 1
2061 1703 1
1396 1732 1
1079 1732 1
1886 1732 1
1701 1732 1
1542 1732 1
1389 1732 1
2053 1769 1
1073 1769 1
2072 1769 1
1551 1769 1
1051 1769 1
1754 1769 1
2107 1769 1
1775 1769 1
1623 1769 1
1774 1769 1
1016 1769 7
1917 1769 1
1445 1769 1
1397 1769 1
1138 1769 4
1658 1769 1
1528 1769 1
1136 1769 10
1007 1769 13
1126 1769 1
1350 1769 1
1147 1769 1
1439 1769 1
1140 1769 1
1004 1769 7
1535 1769 1
1645 1769 1
1035 1769 1
1181 1769 9
1344 1769 1
1080 1769 1
1562 1769 1
1471 1769 4
2000 1769 1
1015 1769 1
1235 1771 1
1608 1771 1
1033 1771 6
1582 1771 1
1861 1777 1
1765 1777 1
1209 1783 1
1079 1783 1
1906 1783 1
1074 1783 1
1177 1783 1
2107 1783 1
1081 1783 1
1228 1783 1
1623 1783 1
1132 1783 1
1310 1783 1
1138 1783 1
1356 1783 1
1542 1783 1
1034 1783 7
1030 1783 1
1099 1783 1
1875 1783 1
1061 1783 1
1740 1783 1
1754 1783 1
2108 1783 1
1666 1783 1
1128 1783 1
1152 1783 1
1594 1783 1
1723 1783 1
1545 1785 1
1214 1785 1
1079 1785 1
1886 1785 1
1874 1785 1
1142 1785 1
1252 1785 1
1529 1785 1
1147 1785 1
1309 1788 1
1326 1788 1
1098 1788 1
1310 1788 1
1142 1788 1
1149 1788 1
1470 1790 1
1269 1790 1
1344 1790 1
1696 1790 1
1780 1790 1
1757 1790 1
1553 1790 1
1582 1790 1
1914 1790 1
1917 1790 1
1591 1790 1
1140 1790 7
1469 1790 1
1656 1790 1
1835 1790 1
1259 1813 1
1545 1813 1
1422 1813 1
1338 1813 1
1542 1813 1
1608 1813 1
2170 1813 1
1142 1829 1
1396 1830 1
1430 1830 1
1778 1836 1
1473 1836 1
1523 1836 1
1300 1836 1
1506 1845 1
1083 1845 1
1748 1845 1
1309 1845 1
1356 1845 4
1039 1845 1
1483 1845 1
1327 1845 1
1632 1845 1
2085 1845 1
1220 1845 7
1310 1845 1
1573 1845 1
1075 1845 1
1991 1845 1
1990 1845 1
1023 1845 4
1623 1845 1
2054 1845 1
1147 1845 1
2126 1845 1
1537 1845 1
1242 1845 1
1228 1845 1
1020 1887 3
1350 1887 1
1050 1887 9
1818 1239 1
1949 1239 1
1215 1239 1
1329 1239 1
1633 1239 1
1147 1288 1
1747 1288 1
1870 1288 1
1259 1318 1
1949 1318 1
1581 1318 1
2031 1318 1
1376 1318 9
1040 1318 1
1429 1318 1
1813 1318 1
1309 1318 1
1453 1318 1
1353 1318 1
1422 1318 1
1669 1318 1
1079 1320 1
1300 1320 1
1332 1320 1
1545 1320 1
1353 1320 1
1688 1330 1
1381 1330 14
1250 1330 11
1570 1330 1
1433 1341 4
1016 1341 7
1120 1341 1
1078 1341 1
2072 1341 1
1283 1341 7
1774 1341 1
1138 1341 1
1007 1341 7
1406 1341 1
1020 1341 1
1072 1341 1
1447 1341 1
1049 1341 1
1585 1352 1
1309 1352 1
1422 1352 1
1142 1355 1
1354 1355 1
1353 1355 1
1473 1355 1
1778 1355 1
1160 1355 1
1128 1355 4
1329 1355 1
1753 1358 1
1476 1358 1
1562 1358 1
1147 1358 7
1138 1358 13
1774 1358 1
1340 1358 37
1690 1358 1
1181 1358 11
1264 1358 1
1001 1358 7
2031 1375 1
1422 1375 1
1691 1375 1
1788 1375 1
1429 1375 1
1767 1375 1
2090 1375 1
1108 1375 1
1220 1375 1
1309 1375 1
1865 1375 1
1813 1375 1
1688 1381 1
1043 1381 15
1344 1390 1
1591 1390 1
1790 1390 14
1696 1390 1
1553 1390 1
1780 1390 1
1261 1390 1
1133 1390 42
1757 1390 1
1126 1390 1
1269 1390 1
1640 1390 32
1470 1390 1
1114 1390 4
1582 1390 1
1484 1390 1
1145 1390 1
1917 1390 1
1914 1390 1
1343 1390 1
1656 1390 1
1087 1390 1
1469 1390 1
