1.48903399207 -0.372264727362
-0.993559947963 0.113307677601
1.37538633604 -0.426868436573
-0.856408254647 0.51629923627
0.446398291731 -0.332781573164
0.744228969754 -0.466737389412
0.998010852298 0.063042356358
-0.0063083771414 0.999980101991
0.887253452575 0.461282246453
0.00389748833602 0.411796903361
1.94253615453 0.165895828503
1.23129785567 -0.472882984722
-0.909393608331 0.415936611909
1.9980108523 0.436957643642
-0.898609604895 0.438749105972
-0.78463298926 0.619960540812
-0.553601708269 0.832781573164
1.79239227351 -0.110011872734
0.990384780058 0.138340115042
0.83625733083 0.548337192458
1.91456889417 0.0955698604041
0.99205132261 0.125833911599
-0.48903399207 0.872264727362
1.00630837714 -0.499980101991
0.0574638454743 0.165895828503
-0.574437378214 0.818548531555
0.700384134871 0.713766112687
1.96172402514 0.225980111181
1.83625733083 -0.0483371924578
0.543050855009 0.839699808785
-0.979693471617 0.200501126356
-0.743988465011 0.668192460246
1.54305085501 -0.339699808785
0.0178548802958 0.311875137631
1.3162076669 -0.448689997521
1.90407356295 0.0726231256022
0.0493341223037 0.189783319301
-0.984440427487 0.175718652197
1.97969347162 0.299498873644
1.18192537724 -0.483312339553
0.119573173868 0.992825390535
1.14458508306 -0.489492371753
1.82215601169 -0.0692622352081
0.988560585592 0.150824297161
0.467586442438 -0.346484378901
0.792392273513 0.610011872734
1.57443737821 -0.318548531555
-0.206677412685 0.978409140946
0.231297855672 0.972882984722
-0.829272674107 0.558844192938
1.99491041597 0.399236592995
0.862853983032 0.505453265857
-1.0 1.22464679915e-16
0.0959264370473 0.0726231256022
1.93380631424 0.142221063372
0.0819175512579 0.996639109606
-0.018924127241 0.99982092267
0.986579029592 0.163284470694
0.999681647692 0.0252309981426
0.974322740393 0.225155940523
0.99713604528 0.0756287458845
0.00644005203682 0.386692322399
0.829272674107 0.558844192938
0.856408254647 0.51629923627
0.0454959372284 0.201802088953
0.0567452730931 0.998388688829
0.510886416686 0.859648224128
0.0348953468581 0.238135515039
0.150173798936 -0.0270630208862
-0.996102511664 0.088203096639
0.574437378214 0.818548531555
0.185091523557 -0.0795896608992
1.82927267411 -0.0588441929376
1.20667741268 -0.478409140946
-0.994910415972 0.100763407005
0.614998444018 0.78852832153
0.849826201064 0.527063020886
0.659956602978 -0.440409744814
1.98444042749 0.324281347803
-0.219005065064 0.975723721899
0.89296232786 -0.494254965662
1.0 0.0
0.589808462252 -0.411999398224
0.455675938456 0.890145740377
0.394998974593 -0.296224691438
1.43307160745 -0.401359519184
-0.990384780058 0.138340115042
0.256011534989 -0.168192460246
1.99968164769 0.474769001857
0.893002603923 0.450051496371
0.0 0.5
1.10703767214 -0.494254965662
0.363662619946 0.931530728883
0.328151649957 0.944625055051
0.0418096924853 0.213868326491
0.143591745353 -0.01629923627
0.533129802746 -0.384325855619
-0.93824591054 0.345969090173
0.308676842043 -0.222545701857
0.0854311058283 0.0955698604041
0.780994934936 -0.475723721899
1.87533238189 0.0164783136003
0.904073562953 0.427376874398
1.36366261995 -0.431530728883
1.98856058559 0.349175702839
0.5 0.866025403784
1.58471887822 -0.311235991219
0.671848350043 -0.444625055051
0.0755180848454 0.118774097743
-0.5 0.866025403784
1.92921807232 0.130468169059
-0.614998444018 0.78852832153
-0.543050855009 0.839699808785
-0.653993469747 0.756500192682
-0.999920408756 0.0126165032345
0.672872524373 0.73975845108
0.605001025407 0.796224691438
0.0804014033403 0.107140710914
-0.231297855672 0.972882984722
0.299615865129 -0.213766112687
0.955855417456 -0.499025152752
0.968463135049 -0.499502589366
0.137146016968 -0.00545326585658
1.62489796565 -0.280706431722
-0.718170197429 0.695867492792
1.65399346975 -0.256500192682
0.36530198554 -0.272760267121
-0.194316860881 0.98093881439
0.800025422791 0.599966101449
-0.933806314235 0.357778936628
0.993559947963 0.113307677601
-0.869162360174 0.494526836134
-0.988560585592 0.150824297161
0.999920408756 0.0126165032345
1.45567593846 -0.390145740377
1.29217060589 -0.456366214927
-0.644397030465 0.764691092617
-0.444409144029 0.895823929522
1.81490847644 -0.0795896608992
-0.954504062772 0.298197911047
0.695786650887 -0.452603925155
-0.950665877696 0.310216680699
-0.292170605891 0.956366214927
-0.181925377236 0.983312339553
1.99205132261 0.374166088401
0.0316683466168 0.250332603137
1.80753122203 -0.0898248260658
0.24764049762 -0.158752745102
0.682152134502 0.731210274404
1.03153686495 -0.499502589366
-0.986579029592 0.163284470694
0.118636933985 0.0275604315203
0.192468777968 -0.0898248260658
1.16950493426 -0.485529338611
-0.999283754816 0.0378414767177
-0.37538633604 0.926868436573
1.95450406277 0.201802088953
0.842942490941 -0.487589458656
1.76874097628 -0.139560248438
-0.682152134502 0.731210274404
0.336514195279 -0.248188871164
-0.605001025407 0.796224691438
1.32815164996 -0.444625055051
0.00198914770187 0.436957643642
0.924481915155 0.381225902257
-0.99205132261 0.125833911599
0.78463298926 0.619960540812
0.170727325893 -0.0588441929376
0.977085873486 0.212845474076
-0.924481915155 0.381225902257
-0.094485131888 0.995526272809
0.914568894172 0.404430139596
1.71817019743 -0.195867492792
1.90939360833 0.0840633880907
-0.914568894172 0.404430139596
0.094485131888 0.995526272809
0.818074622764 -0.483312339553
0.00794867739033 0.374166088401
0.0114394144081 0.349175702839
1.69132315796 -0.222545701857
1.89860960489 0.0612508940282
1.97432274039 0.274844059477
0.950665877696 0.310216680699
1.09448513189 -0.495526272809
0.346006530253 -0.256500192682
1.74398846501 -0.168192460246
1.5216915092 -0.353134203527
-0.700384134871 0.713766112687
0.968331653383 0.249667396863
0.48903399207 0.872264727362
0.194316860881 0.98093881439
0.435935562168 -0.325730773299
-0.849826201064 0.527063020886
1.73549899771 -0.177525810852
0.0256772596068 0.274844059477
0.663485804721 0.748188871164
0.10703767214 0.994254965662
0.304213349113 0.952603925155
0.982145119704 0.188124862369
0.63469801446 0.772760267121
0.843108870031 0.537742906299
0.875332381888 0.4835216864
0.112746547425 0.0387177535466
0.793322587315 -0.478409140946
0.00127320653455 0.449554068408
0.532413557562 0.846484378901
0.477990138492 0.87836520167
-0.929218072318 0.369531830941
0.124667618112 0.0164783136003
0.768740976284 0.639560248438
-0.709333622896 0.704872904451
-0.532413557562 0.846484378901
0.612949702798 -0.422058603038
1.99355994796 0.386692322399
1.6821521345 -0.231210274404
-0.768740976284 0.639560248438
-0.0819175512579 0.996639109606
0.23938922271 -0.149208168056
0.869162360174 0.494526836134
-0.843108870031 0.537742906299
0.181925377236 0.983312339553
1.05674527309 -0.498388688829
0.644397030465 0.764691092617
0.327127475627 -0.23975845108
0.000318352307732 0.474769001857
0.768702144328 -0.472882984722
1.70038413487 -0.213766112687
-0.157057509059 0.987589458656
1.97140451218 0.262569433913
1.94667636326 0.177813930712
1.44440914403 -0.395823929522
0.425562621786 -0.318548531555
0.0203065283825 0.299498873644
-0.99713604528 0.0756287458845
1.84982620106 -0.0270630208862
1.42166513345 -0.406751628194
-0.316207666897 0.948689997521
0.415281121776 -0.311235991219
1.25577103025 -0.466737389412
-0.999681647692 0.0252309981426
0.4783084908 -0.353134203527
-0.267947518512 0.96343350955
0.219005065064 0.975723721899
-0.887253452575 0.461282246453
0.0661936857647 0.142221063372
0.648118984868 -0.436044737814
1.99928375482 0.462158523282
-0.875332381888 0.4835216864
1.53241355756 -0.346484378901
-0.672872524373 0.73975845108
0.21536701074 -0.119960540812
0.881363066015 0.47243956848
1.99872679347 0.449554068408
0.942536154526 0.334104171497
-0.564064437832 0.825730773299
1.08191755126 -0.496639109606
0.5 -0.366025403784
0.732052481488 -0.46343350955
-0.387050297202 0.922058603038
0.814908476443 0.579589660899
0.101390395105 0.0612508940282
0.00286395472035 0.424371254116
1.99992040876 0.487383496765
-0.998726793465 0.0504459315923
0.726892451843 0.686751311214
1.95819030751 0.213868326491
1.72689245184 -0.186751311214
1.47799013849 -0.37836520167
0.0229141265142 0.287154525924
0.954504062772 0.298197911047
0.756446172289 -0.469887381611
0.0707819276824 0.130468169059
0.979693471617 0.200501126356
0.946676363261 0.322186069288
0.76061077729 0.649208168056
-0.132089641642 0.991237774992
0.993691622859 -0.499980101991
0.405092698772 -0.303794316318
0.880426826132 -0.492825390535
0.0693369307881 0.997593298909
1.91959859666 0.107140710914
-0.398652646735 0.917101993919
0.830495065744 -0.485529338611
-0.433071607448 0.901359519184
0.0906063916689 0.0840633880907
0.93824591054 0.345969090173
0.317847865498 -0.231210274404
1.63469801446 -0.272760267121
0.522009861508 -0.37836520167
-0.96172402514 0.274019888819
1.5 -0.366025403784
0.905514868112 -0.495526272809
-0.584718878224 0.811235991219
0.994910415972 0.100763407005
0.683792333103 -0.448689997521
0.157057509059 0.987589458656
0.031536864951 0.999502589366
1.99038478006 0.361659884958
-0.119573173868 0.992825390535
0.984440427487 0.175718652197
1.24355382771 -0.469887381611
1.84310887003 -0.037742906299
0.898609604895 0.438749105972
-0.328151649957 0.944625055051
0.106997396077 0.0499485036288
-0.243553827711 0.969887381611
0.0441445825443 0.999025152752
1.06933693079 -0.497593298909
0.169504934256 0.985529338611
1.11957317387 -0.492825390535
0.564064437832 0.825730773299
-0.776748805176 0.629810522028
-0.42166513345 0.906751628194
0.981075872759 -0.49982092267
0.466870197254 0.884325855619
0.340043397022 0.940409744814
0.930663069212 -0.497593298909
0.06175408946 0.154030909827
0.000716245183669 0.462158523282
-0.477990138492 0.87836520167
0.42166513345 0.906751628194
1.99610251166 0.411796903361
1.86916236017 0.00547316386563
0.807531222032 0.589824826066
1.46687019725 -0.384325855619
0.965104653142 0.261864484961
0.805683139119 -0.48093881439
-0.455675938456 0.890145740377
0.75235950238 0.658752745102
1.99713604528 0.424371254116
0.0285954878179 0.262569433913
-0.83625733083 0.548337192458
0.909393608331 0.415936611909
1.41019153775 -0.411999398224
0.584718878224 0.811235991219
-0.340043397022 0.940409744814
0.0533236367393 0.177813930712
-0.792392273513 0.610011872734
1.89300260392 0.0499485036288
1.76061077729 -0.149208168056
1.88725345258 0.0387177535466
-0.0567452730931 0.998388688829
0.018924127241 0.99982092267
0.5216915092 0.853134203527
0.933806314235 0.357778936628
-0.0441445825443 0.999025152752
1.77674880518 -0.129810522028
0.636337380054 -0.431530728883
1.04414458254 -0.499025152752
0.267947518512 0.96343350955
1.55360170827 -0.332781573164
-0.971404512182 0.237430566087
1.3870502972 -0.422058603038
-0.91959859666 0.392859289086
-0.968331653383 0.249667396863
1.93824591054 0.154030909827
1.67287252437 -0.23975845108
0.398652646735 0.917101993919
1.19431686088 -0.48093881439
0.292170605891 0.956366214927
1.39865264674 -0.417101993919
0.958190307515 0.286131673509
-0.946676363261 0.322186069288
0.743988465011 0.668192460246
0.601347353265 -0.417101993919
0.776748805176 0.629810522028
0.594907301228 0.803794316318
0.566928392552 -0.401359519184
0.37538633604 0.926868436573
1.66348580472 -0.248188871164
0.206677412685 0.978409140946
0.132089641642 0.991237774992
0.735498997708 0.677525810852
-0.0693369307881 0.997593298909
0.998726793465 0.0504459315923
1.34004339702 -0.440409744814
1.88136306601 0.0275604315203
-0.75235950238 0.658752745102
0.822156011695 0.569262235208
0.999283754816 0.0378414767177
1.28008135422 -0.459976267944
0.929218072318 0.369531830941
1.86285398303 -0.00545326585658
-0.691323157957 0.722545701857
1.21900506506 -0.475723721899
7.95912443162e-05 0.487383496765
0.281829802571 -0.195867492792
1.56406443783 -0.325730773299
0.444409144029 0.895823929522
1.35188101513 -0.436044737814
-0.977085873486 0.212845474076
1.7093336229 -0.204872904451
0.351881015132 0.936044737814
2.0 0.5
0.719918645775 -0.459976267944
0.255771030246 0.966737389412
1.9821451197 0.311875137631
0.375102034354 -0.280706431722
1.97708587349 0.287154525924
0.273107548157 -0.186751311214
0.707829394109 -0.456366214927
-0.893002603923 0.450051496371
0.223251194824 -0.129810522028
-0.280081354225 0.959976267944
1.26794751851 -0.46343350955
0.316207666897 0.948689997521
0.489113583314 -0.359648224128
0.264501002292 -0.177525810852
0.00508958402843 0.399236592995
0.855414916943 -0.489492371753
1.15705750906 -0.487589458656
-0.031536864951 0.999502589366
0.918082448742 -0.496639109606
0.156891129969 -0.037742906299
0.456949144991 -0.339699808785
1.92448191515 0.118774097743
0.177843988305 -0.0692622352081
0.553601708269 0.832781573164
-0.726892451843 0.686751311214
1.61499844402 -0.28852832153
-0.974322740393 0.225155940523
-0.807531222032 0.589824826066
-0.735498997708 0.677525810852
1.59490730123 -0.303794316318
0.91959859666 0.392859289086
1.96833165338 0.250332603137
1.98657902959 0.336715529306
0.0155595725134 0.324281347803
1.9506658777 0.189783319301
0.16374266917 -0.0483371924578
-0.822156011695 0.569262235208
-0.63469801446 0.772760267121
0.62461366396 -0.426868436573
0.544324061544 -0.390145740377
-0.998010852298 0.063042356358
-0.904073562953 0.427376874398
-0.410191537748 0.911999398224
-0.10703767214 0.994254965662
-0.363662619946 0.931530728883
0.0134209704082 0.336715529306
-0.965104653142 0.261864484961
-0.958190307515 0.286131673509
0.385001555982 -0.28852832153
0.96172402514 0.274019888819
0.624897965646 0.780706431722
1.01892412724 -0.49982092267
1.75235950238 -0.158752745102
0.555590855971 -0.395823929522
-0.351881015132 0.936044737814
1.51088641669 -0.359648224128
-0.304213349113 0.952603925155
0.0063083771414 0.999980101991
0.130837639826 0.00547316386563
0.433071607448 0.901359519184
0.709333622896 0.704872904451
0.867910358358 -0.491237774992
0.996102511664 0.088203096639
0.387050297202 0.922058603038
0.410191537748 0.911999398224
1.30421334911 -0.452603925155
1.64439703046 -0.264691092617
-0.5216915092 0.853134203527
0.653993469747 0.756500192682
-0.624897965646 0.780706431722
-0.663485804721 0.748188871164
0.00961521994222 0.361659884958
0.144585083057 0.989492371753
-0.814908476443 0.579589660899
-0.942536154526 0.334104171497
0.355602969535 -0.264691092617
-0.594907301228 0.803794316318
0.943254726907 -0.498388688829
0.243553827711 0.969887381611
1.13208964164 -0.491237774992
0.290666377104 -0.204872904451
0.57833486655 -0.406751628194
0.971404512182 0.237430566087
-0.144585083057 0.989492371753
1.78463298926 -0.119960540812
-0.255771030246 0.966737389412
-0.862853983032 0.505453265857
0.280081354225 0.959976267944
1.96510465314 0.238135515039
1.80002542279 -0.0999661014487
0.207607726487 -0.110011872734
0.231259023716 -0.139560248438
-0.800025422791 0.599966101449
-0.466870197254 0.884325855619
0.51096600793 -0.372264727362
1.60500102541 -0.296224691438
0.0382759748598 0.225980111181
-0.982145119704 0.188124862369
-0.881363066015 0.47243956848
0.691323157957 0.722545701857
-0.510886416686 0.859648224128
0.199974577209 -0.0999661014487
-0.76061077729 0.649208168056
1.85640825465 -0.01629923627
-0.169504934256 0.985529338611
0.718170197429 0.695867492792
