9.35907098766 0.337273059948
-1.13610440162 4.2292637786
-1.81808406927 4.6519846932
-8.95225209233 5.9837623827
-6.63603982032 5.60680144477
0.724705013197 2.21967233752
-0.937001667337 3.73305426581
10.3384244495 0.919345104507
10.6858637491 0.940408223059
-2.08748915556 4.96750310096
-1.00820718678 5.35358118771
-1.97920476217 3.68672066292
-8.7340981352 5.82983563319
-7.73745624587 4.42545928052
-9.38246007899 4.43918877474
-6.94425457913 6.26779403821
-8.71658329119 4.14513443231
-9.26275724115 5.60044141771
10.0122175879 1.0651000022
-8.1731537975 6.81769472877
-9.90879767856 6.09999996798
-2.11686030976 4.18214565746
-9.51396527631 5.62115381222
9.36562892541 -0.389253465639
9.26509834365 2.17391692108
8.08417758261 1.55140263194
0.380129437724 4.57120825879
-8.05833159822 4.67483118809
-9.00468796445 4.4764134566
-10.5382490156 4.93621650514
8.93409689015 1.78733293307
-9.16084345591 4.25006338464
-8.76181807904 5.89818419707
-6.9705156921 5.38564287778
-8.36518584103 7.03661536554
-8.77402794932 4.41839375134
0.665022208886 5.36801270626
8.8345432892 0.197726175536
-2.53064525514 4.76624826599
9.4277361392 0.027561171709
-9.09075616161 5.23609361638
-8.94199239817 4.60235993609
-0.697367163458 4.10305102838
-7.98749901528 5.02890357428
-7.5410845194 5.45010882086
-8.75494212533 4.06227354859
-1.2918168142 5.25698889823
8.79756146287 1.46127390849
9.0144512291 1.02890803729
-7.04711305587 5.75521982851
-9.3379273167 4.98389668132
10.3425342224 1.52338045328
-2.70022379328 4.45617981322
-8.19937428876 4.07185131293
-1.41562549156 3.0559569345
-8.52350647528 6.31693260498
9.8259321397 1.00918327493
-0.171689821762 1.67451879486
-8.65919475167 6.03688058756
8.83236988646 0.633022429406
-10.1152671828 6.76937683814
-1.0724578587 5.25710234826
-3.09939210643 4.80735450964
9.19239287829 1.22006838685
10.3144504727 -1.36587550372
9.7916474371 1.69606029611
-2.65899013148 5.19317679182
10.1524699516 3.12178470872
-8.35727427279 3.74456997329
-8.54964807883 6.37967765585
0.67249100316 4.18919649214
9.54078357114 0.129779532293
8.55581224787 2.24859008399
-7.42443766318 5.18190152628
-8.47472459838 3.84365153846
7.64524999594 0.878186619054
-9.61097100069 5.28151039158
10.5534013883 1.12171459563
10.416008948 0.769304229605
-5.6127670218 4.98828579871
-7.18563065376 5.01011303874
-1.89653094467 3.08550725511
0.670112773218 1.64547299026
-0.161583326589 3.8033432349
-1.19339745025 4.95912569375
8.32542531961 0.454489436919
8.34247098731 0.0242428883575
-7.45617620686 6.19887436072
-1.44000000922 5.50033898475
8.12100244609 -0.396410078931
-2.2580230373 3.58607617273
-7.32851829405 5.25117166233
-7.41788591336 6.16425833343
7.51460771024 1.3770019528
11.4539263435 -0.938712227952
-9.41411332676 5.46710019471
-8.17372030679 6.40914413059
-8.54428933778 6.99130316173
11.6832638487 0.930155356267
7.63442355462 1.11603877351
-0.768707486983 3.29266446673
-9.06622580531 5.63754449453
-1.09290529622 2.85103454742
-9.33832420411 5.97274619454
10.4446781934 -0.139200838621
-6.21388722589 6.46741517406
8.82860722306 0.117257752008
-2.51833242862 4.73606447433
-0.787268834728 4.28825517921
9.70035569714 0.600875350219
9.06557443085 2.1598916578
-2.51377355349 2.62808142672
11.2844361362 1.81744906534
-2.36613740908 3.4154594115
-7.90577232519 4.84553864838
-7.38189541028 7.31275609167
9.98178648077 2.86704341689
-9.1278733571 4.40175305873
9.23008749524 0.26254343937
-10.2426059126 5.37542568836
-7.91925390063 5.72225675009
-1.55522699483 4.62364854305
-1.35077124329 3.97107947756
-8.83550252519 6.38688041892
-0.752030023671 3.66315260308
9.14886981764 1.61484052255
10.7036037175 -0.927069592815
-1.40909823851 4.63252859471
-9.12193950541 7.34595308415
-9.29091445935 5.79068354362
-7.98520879663 5.96056584575
10.9096947229 -0.842847506134
9.47132357182 -0.469329628262
8.59532108019 -0.656848056952
-0.105028408241 5.89157034904
9.44691334078 -0.155827133059
-0.924057201527 5.91988791282
-0.810768406229 3.47804129821
10.3368682496 1.91908705337
-2.27697940058 3.17109484594
-9.72354778272 4.10078752638
-1.49414235354 3.18754563669
-1.30140887794 4.29404154032
8.83432022235 -0.792078437076
-8.84265268097 3.69200596627
-0.210846120379 3.973441628
-1.85360488698 4.6599766219
8.24352959585 -1.2447300914
7.8191705787 1.26479838065
-10.1249098019 6.13380520113
-1.0866540399 3.75677580935
-7.53498244356 5.7454417079
9.1688311622 0.43007699251
0.105504656755 3.76522638036
-1.16743777692 3.63854154722
9.93595043833 0.273270495035
10.695107662 0.856768676526
-8.85725733545 4.70851898378
-1.60312753379 3.85577997266
-8.58150128599 4.19695117507
8.89587246866 0.808577760401
-0.828255498127 4.34261671841
-8.87906206795 3.31006074283
-8.60662174776 3.69851452552
9.39153197599 1.57245500276
10.3330849151 0.0237954864827
-1.54226537779 4.78135734852
-7.96853483832 5.33701942961
9.17093600821 -0.00383043858964
-1.94895346755 5.38156645747
9.04987745754 2.3377832213
-7.3914274528 4.79097816327
-0.661842022728 4.81841203086
-8.15131645586 4.15928927359
0.292852757826 2.59297696059
10.8814278882 0.464964663525
9.90067092971 1.06461856664
-7.83672137971 5.72899882206
-1.87279092872 5.15116337671
-1.66290652722 3.82629372512
-8.86422069388 4.75245320767
9.09161466516 1.10882235594
9.61483697395 0.572291528137
9.51066478607 1.399055594
-1.24876386669 5.00904204856
0.550813888459 3.40492024703
9.74844046591 2.06335421229
-8.48682868398 6.9913759748
-7.83558175285 5.82005768338
8.64004447552 -0.521456276701
-0.44695877188 4.90761686397
-9.18488740864 6.09450126704
-8.00205645339 4.49687621808
9.79410829516 0.695301284273
-1.94339958749 3.49893766765
-1.46199351613 5.46423726606
-9.21638773773 6.67084597638
-8.56860966296 6.79146176715
8.06971645212 1.05287326779
8.29541109987 3.364562821
10.3297533632 2.65359150972
-8.89410053433 6.62474717562
10.0142938726 0.650863183804
-1.56700291308 5.21331679215
-1.91418772181 4.09188451984
-8.37240022731 5.85095358036
-2.25789293389 4.1476687046
-2.51442598557 6.14561115091
10.3173681746 0.205341999666
-9.40315802763 6.01017267592
-0.976387348734 4.6185990061
9.18696381567 -0.559864199783
-7.81912850882 6.49272814962
-9.67805405812 7.06035147202
10.1935755003 1.66110216969
10.0568419492 1.14641034
-7.99749651226 6.71066633046
-1.80053526577 4.32845275373
9.43193936619 0.62520583238
-7.92508909274 6.27500483436
0.367817058748 4.21981905569
-2.839028203 5.44219634461
-2.06186484925 2.93890486274
-8.98987671266 5.9075366975
-8.60621141009 5.28889950421
11.1684222553 0.71773378287
-2.36172103961 5.08475246592
-1.22708227163 4.12416847137
-1.8328980495 3.48111833835
-1.71799259625 4.69878331716
9.45541619199 0.781745927791
10.2598576036 2.71852995722
0.427745904785 3.73262938504
10.8093679534 2.45830320476
-7.51275774891 6.15915301704
-7.63310097038 5.41838944355
0.131408017384 4.50923336829
8.93126853783 0.0924781703305
10.4340347142 -0.472814633848
-7.50963372813 5.88201226864
-2.35381461277 4.76128788664
8.97590411871 1.96885766821
-1.25606769003 5.55027733681
8.97351991416 0.802946148705
-9.91537792916 4.25474727991
-1.7951082299 2.25563379497
7.29028587848 0.152992155001
-2.41122005487 5.28931547548
-8.20039539459 4.84931010886
-0.686210751115 4.5876026743
-1.6586594619 5.25485553816
9.17429823929 0.714769340895
10.7260233859 0.336593562166
-8.74721701877 4.77491576079
0.422134162418 5.05126285344
10.6661925789 1.50660699604
11.6531774365 1.4538089015
-6.70767333459 5.26896209289
-1.51721887489 6.12772833989
-6.61377854029 4.10110220245
-9.09926318649 5.42682758361
-1.2533398406 5.77413838591
-9.54472672052 4.78616726337
-7.71317424209 5.50931122599
10.2061615236 0.791383798945
9.08589192811 -0.55525019954
10.3733857887 0.639271360885
9.19205852171 0.226446135087
9.64041506601 0.28986440325
-7.12754493606 5.90806496234
-8.57344484442 7.29791314155
9.40820513004 -0.998819553015
10.1169667717 0.281460837684
-0.632927588823 3.42190324708
-2.3469830293 4.11547238271
10.2034023547 1.45423238468
9.56770524428 -0.277726285317
-7.97433146403 4.87449115821
-8.66986152483 5.00760602594
-0.875386741719 4.45401441293
-9.7984755481 6.26357952976
9.75050774999 0.497933357863
0.0814435778272 4.64599290516
-8.77354544985 6.89526103753
-8.08228851902 4.1552541878
-1.96736321328 3.92804298427
10.9647944471 2.35569029588
-8.20442258201 5.0737712254
-8.97707619674 6.23748901071
8.89976048798 0.241963571365
-10.5264697208 7.66217139587
-8.66769052948 6.29566995458
10.2207621824 0.0178931926269
9.79341635292 0.0175061359722
-2.35554779764 3.87954109054
1.40672343082 6.4514888871
-2.10813779969 2.68999484243
9.56683792904 2.32395260462
-8.09071236076 7.84597089761
10.3977120731 -0.404800618165
9.33575193413 1.29567162532
8.83065655135 0.876526620828
9.28909943972 0.232108606448
10.2492895676 -0.37516063851
-0.238272481236 5.78156532012
9.18097184875 0.0980663470629
-9.04229006732 5.17258144231
-1.54041960982 3.52195585944
-6.82313452133 5.75271138026
-0.867686328281 4.58333733592
-1.4694696447 4.39074327659
-2.58528292509 3.52663119998
-6.56181535019 5.83567769144
-9.1474793999 5.54250839475
-1.31492767707 4.54181124025
-0.646030528498 2.87274574335
9.8649275357 0.366021959669
8.6319745298 0.448515802784
10.11411856 0.31398178711
-8.99926393199 5.88268477813
-1.20836781638 3.32936424131
-9.23585888007 5.90268301473
-10.2392748802 5.97543420286
-1.34066905303 4.99381538928
-8.66871571533 6.1907610874
-6.97619509692 5.31574060873
10.6104708146 1.63694634377
-8.73215054576 6.7363549049
9.33382118327 2.27023620237
-1.15231865061 4.99272511569
-0.605186173352 5.47465193675
-9.71735172638 5.0834486221
8.91675947256 0.327010681543
-1.05615982407 3.28576543971
-7.0134624396 5.66095221115
-8.86097415581 7.62744806556
9.04065723782 1.21920485003
-1.78693840044 5.64256720116
-8.49294060414 6.22674388111
-1.15267543591 5.76587961801
-1.6910324178 4.3387437596
-7.79100527385 4.8580802034
-3.53106424909 4.54313541419
-1.69735854185 5.04187648391
-9.70735815625 5.78127654642
10.8151507999 -0.276155524537
-8.41348836465 6.5741584699
8.9231646285 -2.23039873467
9.60856039405 -0.262617530133
-0.160131010403 5.37342217465
-10.1572310562 6.61339078026
-9.66742613478 4.54835903373
-1.84687391538 5.23399966166
0.0326276294231 4.77084829969
-8.66668967287 3.82036299184
9.61321488183 -0.0803165390812
-1.30619033837 5.19708271417
8.61122262375 0.817485011116
10.1038480068 0.491315067246
11.0670307794 0.277396561272
-2.64676118994 3.82312625085
-8.29554397091 7.3387221402
-0.54858665146 4.04936862503
-1.43196963401 3.68359227217
7.81602203002 0.640695245668
9.12572417408 -0.0635682024127
-1.73912266077 4.33806373595
-9.55181910677 3.76594987807
11.1174533798 1.39407325609
-1.10981674795 6.24832978784
10.2804369493 2.35603065502
-9.06158859647 3.47602637277
-3.10109561018 2.68848850548
-0.305513573239 4.42030126278
9.98090890815 0.952956908797
-8.81595123595 5.12644919267
9.41771002805 0.239395115324
-10.1821734157 3.79527718632
0.387988161991 4.82178468786
-10.0301218594 6.35710104536
-10.3845830901 6.23478870378
11.3617679688 0.229951071502
10.5703312397 0.619557439469
11.0785874312 1.83919603299
1.27899601192 4.94442473676
-0.298571713824 5.07738645943
10.5633453111 1.32807341116
-10.0620826689 5.85634867985
-8.07726970678 6.76976929501
-1.80157019547 3.07684617349
-0.570661156782 5.74894899096
-0.337202263729 5.12732442766
9.59306012072 1.78620463589
-0.665370491274 4.80723376504
-1.36322542079 5.31822019365
-9.8436939315 6.32953023023
8.96700061714 -0.096802356447
10.3200546239 1.56127415438
9.29861760645 -0.30606953116
0.950144196017 3.63917639967
-4.3143201369 2.95130306266
-8.08310740923 4.15716837595
-8.51922024238 4.14769714566
-8.91747804307 5.42619255825
9.75344024456 0.928117600978
-7.22919243955 6.41229728037
-1.92478477427 2.97777640322
-9.81519983959 6.48409665147
-8.60074336153 5.07923854365
9.15039861321 2.09566432931
-1.43534217123 2.17788357752
-10.7790174861 6.50178183377
9.60158003911 1.23496800075
-7.69850520201 5.3574216287
-1.33980304251 3.74543777557
-8.45158947398 5.16930725125
9.88309758832 -0.048605141357
-1.24864491649 3.27955355196
-8.56481547855 6.55249105252
-7.99837465771 5.02510159325
-7.87769365927 5.54418565878
8.65153438743 -0.135324159883
-0.0932587568503 4.30605516243
-8.64078394925 5.36857191211
10.784447353 2.93418947155
-1.00461569458 5.59425813889
-0.701920879675 4.72500819064
9.82761971878 -0.877172936292
-7.1917415875 4.64718538671
8.97037656157 1.39807700644
-1.60293022238 5.23384414383
9.37567041459 1.69804868558
-1.13514078802 3.63313118657
-6.79431480492 4.99586522986
9.65607625302 0.304382076181
-2.33457309692 4.68271634782
-1.33102460147 4.33365901806
-0.662762229227 2.52732347582
-7.50074106174 5.69539541036
0.310667779087 5.54884940207
7.69933138322 0.274590177565
10.6813471373 0.0920580533895
8.88401473911 -0.253153168393
8.68253896288 1.42847164618
-0.285966521533 3.0248756242
10.8188363088 1.7847641372
-10.4258123111 5.97170662862
-8.69332871703 5.37112319505
-0.811014392407 5.24128098562
9.82833873005 -0.784767280872
8.87546104983 0.559786740109
-7.26755201841 6.57893282964
-0.506833397978 5.54506601693
9.87080102957 0.843061002022
-8.14408436439 5.42455226179
-0.672871005437 5.14030461204
-1.98353481581 4.85510436932
-2.29906068574 4.13346068482
10.011814347 0.710710901926
-8.38567928792 4.26185529485
-2.6929944178 5.63976508196
-0.743533115066 1.70778608855
10.627540596 1.85775165241
-2.6635194858 4.90321300296
-0.42860912664 3.08429650349
9.22165688082 0.379054522394
9.33309230066 1.00134348674
10.4575023352 -0.105408328156
-7.98168975335 5.56786699486
-0.0494801443525 3.2907994878
-8.48607639913 5.52271238332
-2.55604875177 5.90862765925
10.6275029177 1.83252757937
9.50103292234 -0.443535706775
-1.45752171227 5.42847437619
9.7615718223 1.79289771353
-1.88660723826 3.68269803343
9.59343355426 2.38848662772
8.04739290848 1.20738925351
-0.600096803852 4.64201525759
-8.14185999703 6.33340242918
-8.45934526754 3.804727103
-0.753889675523 4.15566901798
0.0921606772101 3.98148422962
-8.99480654783 5.80809790178
-0.609186026809 4.3179051255
-9.17042522818 6.18134614809
-7.88070606071 5.29854779083
-7.86920292864 6.53438754503
-6.75610416286 5.14024905192
8.58199126073 0.803930777451
-2.17564375395 3.20911343557
-7.19847247785 5.6177371723
9.79849886895 0.821248628479
-0.525261893658 3.8626217764
99.8140521435 100.088437953
106.649855669 95.1598793933
95.0900794877 99.2659809665
101.219465381 101.481374039
98.6038955401 103.061601703
